0.00582118572931573	0.06677670776844025	0.00582118572931573
0.005821017384550046	21.337819188833237	1.683447656839268e-07
0.005820738286432019	43.017984718084335	2.790981180264551e-07
0.005820461246934636	64.71960246562958	2.770394973835785e-07
0.005820134484908258	86.21923603117466	3.267620263779081e-07
0.005819826608459627	107.59163847565651	3.0787644863129043e-07
0.005819501384196908	128.94906902313232	3.252242627184432e-07
0.005819170446725408	150.4357586503029	3.3093747150037683e-07
0.00581887168967282	172.00107130408287	2.987570525874242e-07
0.005818563833719237	193.4882351756096	3.0785595358292367e-07
0.005818257929417678	215.19682674109936	3.059043015597729e-07
0.005817973060934363	236.81593970954418	2.8486848331447934e-07
0.005817687193400884	258.5147011876106	2.8586753347912414e-07
0.005817419688036314	279.83934400975704	2.675053645704792e-07
0.005817169725295553	301.42880903184414	2.4996274076028585e-07
0.0058169190722465874	322.65201607346535	2.506530489658487e-07
0.005816686182566167	343.9818279147148	2.3288968042066427e-07
0.005816464404495087	365.18651027977467	2.217780710796896e-07
0.005816245395092155	386.60758355259895	2.1900940293251292e-07
0.00581603940906931	407.89791479706764	2.059860228446203e-07
0.005815834072938529	429.17934864759445	2.053361307808449e-07
0.0058156359793642	450.6952086687088	1.98093574328706e-07
0.005815446785084275	472.33216862380505	1.8919427992574595e-07
0.005815255879393212	494.0156049132347	1.909056910626844e-07
0.005815073688331271	515.2848431318998	1.8219106194105467e-07
0.00581489152067119	536.4533534497023	1.8216766008074398e-07
0.005814714458411549	557.5907565802336	1.7706225964152916e-07
0.005814539768511471	578.8641204535961	1.746899000775251e-07
0.005814366110623727	600.2206690311432	1.7365788774429541e-07
0.005814198682626584	621.4426947236061	1.6742799714263706e-07
0.005814030655242903	642.7768845111132	1.6802738368130316e-07
0.005813868163947232	664.3307173550129	1.6249129567054432e-07
0.005813705856817937	685.5056426078081	1.623071292956857e-07
0.00581354967620153	706.702846467495	1.5618061640666758e-07
0.005813392384313968	728.0606406182051	1.5729188756162527e-07
0.005813239705356349	749.1975231915712	1.5267895761908457e-07
0.0058130873236847125	770.3957409709692	1.5238167163679484e-07
0.0058129391885335495	791.4528363794088	1.4813515116299247e-07
0.005812790422685354	812.5480704307556	1.4876584819578653e-07
0.005812645629769769	833.6236041039228	1.4479291558441854e-07
0.005812500562261601	854.758614346385	1.4506750816833253e-07
0.005812357836666759	875.8538997769356	1.4272559484187347e-07
0.0058122162785819356	896.9044316709042	1.4155808482352317e-07
0.0058120751435065746	918.0110544711351	1.411350753609958e-07
0.005811935917298595	939.1071626991034	1.3922620797912622e-07
0.005811796243513783	960.1967306435108	1.396737848123608e-07
0.005811657741023563	981.2602200359106	1.38502490219794e-07
0.005811520332067842	1002.2890335917473	1.3740895572159767e-07
0.005811382946303099	1023.3608718514442	1.3738576474294634e-07
0.00581124687223358	1044.440612822771	1.3607406951915424e-07
0.005811112032612022	1065.5204120576382	1.3483962155776824e-07
0.005810977126936566	1086.7418549060822	1.3490567545623028e-07
0.005810843419110806	1107.8469646126032	1.3370782575919393e-07
0.005810711242251906	1129.0593927949667	1.321768589006983e-07
0.005810579926003083	1150.2928664386272	1.3131624882270487e-07
0.005810449250623468	1171.3503722697496	1.3067537961517633e-07
0.005810318926279683	1192.4341322481632	1.3032434378456442e-07
0.005810189794854418	1213.6966164559126	1.2913142526538995e-07
0.005810061504716419	1234.7303341329098	1.2829013799897648e-07
0.005809934119041373	1255.9893583506346	1.2738567504565895e-07
0.0058098071384018145	1277.167468816042	1.2698063955873806e-07
0.005809680001461156	1298.3419006466866	1.2713694065840525e-07
0.005809553069954617	1319.6342519670725	1.2693150653903668e-07
0.005809427317530754	1340.7815127372742	1.2575242386292373e-07
0.005809302777029979	1361.8357185423374	1.2454050077499723e-07
0.005809179149361975	1383.0050770640373	1.2362766800382008e-07
0.005809055459808696	1403.9939489811659	1.2368955327936998e-07
0.005808932602007504	1425.215150013566	1.2285780119202644e-07
0.005808811278373012	1446.4898433238268	1.2132363449209732e-07
0.005808691520999912	1467.5967880785465	1.1975737309981305e-07
0.005808572425654608	1489.2052758932114	1.1909534530438193e-07
0.005808453084837531	1510.6783263981342	1.1934081707663108e-07
0.005808334504554634	1532.3254121541977	1.1858028289672695e-07
0.0058082177190652146	1554.0611567050219	1.1678548941969347e-07
0.005808101898242211	1575.4370732456446	1.1582082300350127e-07
0.00580798635324991	1596.948351725936	1.155449923014723e-07
0.005807870878206666	1618.1817405968904	1.154750432436416e-07
0.005807757065088666	1639.5427706837654	1.1381311799951721e-07
0.005807644641655485	1660.866979956627	1.1242343318177556e-07
0.005807532538673478	1682.1284335255623	1.121029820066316e-07
0.005807420198831743	1703.303889989853	1.1233984173464329e-07
0.005807308874198384	1724.634566679597	1.113246333589446e-07
0.005807199073460272	1745.9147527366877	1.0980073811284186e-07
0.005807090362645491	1767.2704411894083	1.0871081478069922e-07
0.005806981369626632	1788.3783823102713	1.0899301885851365e-07
0.005806873056444745	1809.6122183203697	1.0831318188707362e-07
0.0058067661093414566	1830.8165463507175	1.0694710328874174e-07
0.005806660505061793	1851.9603395164013	1.0560427966387759e-07
0.005806554907961645	1873.1495423614979	1.0559710014734769e-07
0.005806448838597423	1894.322037652135	1.0606936422241642e-07
0.005806343353368939	1915.555959686637	1.0548522848350533e-07
0.005806239154594536	1936.7119525671005	1.0419877440309006e-07
0.005806135637636605	1957.9427184015512	1.035169579317527e-07
0.005806032389773714	1979.232315376401	1.0324786289036408e-07
0.0058059290051615	2000.585164949298	1.0338461221403444e-07
0.0058058267173836135	2021.9152776002884	1.022877778866782e-07
0.00580572593434504	2043.2330416887999	1.0078303857349175e-07
0.005805626071574475	2064.472013041377	9.986277056499293e-08
0.00580552671922128	2085.825273245573	9.935235319516456e-08
0.005805427255424489	2107.0572394281626	9.946379679083572e-08
0.005805329031244078	2128.2982235997915	9.822418041080527e-08
0.005805232449437075	2149.46250256896	9.658180700339303e-08
0.005805136546908841	2170.734614133835	9.590252823387518e-08
0.005805040412991428	2191.903687119484	9.613391741252614e-08
0.00580494434043162	2213.1053162515163	9.607255980863261e-08
0.005804849683590622	2234.2955229878426	9.465684099735361e-08
0.005804756135198756	2255.5371290147305	9.354839186626052e-08
0.005804662452637832	2276.9279675781727	9.368256092406879e-08
0.005804568508854803	2298.3608690947294	9.394378302877981e-08
0.005804475291902014	2319.6940543204546	9.321695278955572e-08
0.005804383575253869	2340.984141692519	9.17166481451473e-08
0.005804292575172247	2362.1906974613667	9.10000816220155e-08
0.0058042013327496205	2383.580113425851	9.124242262605053e-08
0.0058041100518796225	2404.9842272251844	9.128086999807272e-08
0.005804019713225464	2426.147260963917	9.033865415886827e-08
0.005803930538554134	2447.3371098041534	8.917467132947554e-08
0.005803841671827799	2468.6155698895454	8.886672633531822e-08
0.005803752357493897	2489.8103186935186	8.931433390178128e-08
0.005803663038921805	2511.5553091466427	8.931857209230898e-08
0.005803574980495511	2533.2114209085703	8.805842629383553e-08
0.005803487923487526	2554.821602061391	8.70570079853153e-08
0.0058034009043736205	2576.6286961734295	8.701911390508049e-08
0.005803313431970753	2598.215532079339	8.747240286786917e-08
0.0058032264653507006	2619.631376132369	8.696662005206607e-08
0.005803140996963172	2640.7979725003242	8.546838752877817e-08
0.005803056083642743	2662.0697474330664	8.491332042885602e-08
0.0058029708362923	2683.28360144794	8.524735044257437e-08
0.005802885310509232	2704.501503318548	8.552578306848801e-08
0.0058028008329423725	2725.708630517125	8.447756685934366e-08
0.005802717707267653	2747.0981408059597	8.312567471944338e-08
0.0058026348198703176	2768.5369993895292	8.288739733550848e-08
0.005802551470406715	2789.944815054536	8.334946360270129e-08
0.005802468252028795	2811.2765253037214	8.321837791959441e-08
0.0058023864060871375	2832.6756600141525	8.184594165773496e-08
0.005802305564391705	2853.862395182252	8.084169543249448e-08
0.005802224678911634	2875.076464742422	8.088548007073593e-08
0.005802143249201019	2896.4389439821243	8.142971061504689e-08
0.005802062433603338	2917.672997325659	8.08155976809305e-08
0.005801983057491449	2939.269200205803	7.937611188908039e-08
0.005801904345969458	2960.5988247692585	7.871152199120934e-08
0.005801825241369581	2981.8631635308266	7.910459987742202e-08
0.0058017458595385415	3003.1982365846634	7.938183103906038e-08
0.005801667611856844	3024.423430263996	7.824768169777813e-08
0.005801590500884933	3045.843447983265	7.711097191071686e-08
0.005801513737130661	3067.173429772258	7.676375427239507e-08
0.005801436363748978	3088.485335379839	7.737338168258001e-08
0.005801359095244551	3109.7859722822905	7.726850442726224e-08
0.005801283301276995	3131.300146356225	7.579396755618556e-08
0.0058012083368938795	3152.9358282089233	7.496438311511283e-08
0.005801133274596777	3174.3306327164173	7.50622971027945e-08
0.005801057605536324	3195.9511483311653	7.566906045242822e-08
0.005800982562138922	3217.515128389001	7.504339740241339e-08
0.005800909038332439	3238.8300161510706	7.352380648317086e-08
0.005800836006662566	3260.086116656661	7.303166987306098e-08
0.005800762309357924	3281.4833505749702	7.369730464171914e-08
0.005800688445015044	3302.856531947851	7.38643428799951e-08
0.005800615738786828	3324.2247593700886	7.270622821593103e-08
0.005800544252530276	3345.600436836481	7.148625655230972e-08
0.0058004727006406125	3367.0369059592485	7.1551889663235e-08
0.005800400248326545	3388.485366627574	7.245231406754343e-08
0.005800328583672406	3409.805505350232	7.166465413894346e-08
0.005800258228747409	3431.3559678047895	7.035492499696261e-08
0.0058001883776041575	3452.7846279889345	6.98511432514759e-08
0.005800117945096297	3474.050713315606	7.04325078607071e-08
0.005800047309106137	3495.4487551748753	7.063599015942612e-08
0.005799977947838616	3516.7276811748743	6.936126752121741e-08
0.0057999095852069955	3538.070469841361	6.836263162068174e-08
0.0057998411341969	3559.5612583756447	6.84510100953592e-08
0.005799772165547921	3581.227849319577	6.896864897937283e-08
0.005799703587407651	3602.946164339781	6.857814026980241e-08
0.005799636296821885	3624.3574080467224	6.729058576581542e-08
0.005799569754359444	3645.8428636342287	6.654246244124085e-08
0.005799503040412359	3667.3585088849068	6.671394708456652e-08
0.005799435810620793	3688.850937977433	6.722979156627978e-08
0.0057993691602064735	3710.124562397599	6.665041431958008e-08
0.005799303839716322	3731.4518205225468	6.532049015139235e-08
0.005799239236598035	3752.73812584579	6.460311828722365e-08
0.005799174274424822	3774.19659486413	6.496217321277226e-08
0.005799108804898653	3795.5941361039877	6.546952616929419e-08
0.00579904415560126	3816.9552835673094	6.464929739290193e-08
0.005798980931179468	3838.304763317108	6.322442179171328e-08
0.005798918175216682	3859.7673641741276	6.275596278661894e-08
0.005798854686763539	3881.1121530234814	6.348845314231577e-08
0.005798791013873867	3902.412333637476	6.367288967260021e-08
0.005798728710119093	3923.6618241518736	6.230375477339622e-08
0.00579866754237649	3945.060471236706	6.11677426036461e-08
0.005798606269567388	3966.3496059030294	6.127280910168259e-08
0.005798544223924902	3987.7950823158026	6.204564248577654e-08
0.005798482694568328	4009.0342570841312	6.152935657418451e-08
0.0057984227395199	4030.5352905392647	5.995504842766508e-08
0.005798363321092282	4051.9462656378746	5.941842761824495e-08
0.0057983033336271835	4073.4492723345757	5.998746509857517e-08
0.005798242962036625	4094.999233275652	6.037159055831409e-08
0.005798183839562109	4116.296729370952	5.912247451594216e-08
0.0057981259092069705	4137.607094407082	5.793035513877026e-08
0.005798067932146891	4159.021134763956	5.797706007903275e-08
0.005798009209539438	4180.325422242284	5.872260745373725e-08
0.005797950905734817	4202.249649271369	5.830380462104601e-08
0.005797894119096548	4223.5020483881235	5.6786638268427336e-08
0.005797837943892845	4244.887070983648	5.61752037031224e-08
0.0057977811858602344	4266.215712592006	5.675803261065426e-08
0.005797724053342572	4287.483193844557	5.7132517662129845e-08
0.0057976679796118025	4308.655217260122	5.607373076976785e-08
0.005797613167459188	4329.895414546132	5.48121526144571e-08
0.0057975585599532855	4351.269864037633	5.460750590255414e-08
0.005797503228794317	4372.59110070765	5.5331158968843774e-08
0.005797447875022239	4393.978367686272	5.535377207727815e-08
0.005797393919165587	4415.236333563924	5.395585665236846e-08
0.005797340976881019	4436.811234742403	5.294228456846628e-08
0.005797287866381756	4458.093970000744	5.311049926237654e-08
0.00579723399708356	4479.425524577498	5.3869298195785564e-08
0.005797180634962385	4500.698547691107	5.3362121175785926e-08
0.005797128717443752	4521.9531453847885	5.191751863229538e-08
0.005797077560212012	4543.175208628178	5.11572317406922e-08
0.005797025963130855	4564.435696527362	5.1597081156262714e-08
0.005796973690216069	4586.243463292718	5.227291478664131e-08
0.005796922457080609	4607.845592528582	5.1233135459766155e-08
0.0057968726278046015	4629.687508478761	4.9829276007468115e-08
0.00579682303094824	4651.137425646186	4.959685636143907e-08
0.0057967726202054325	4672.6913394629955	5.0410742807524556e-08
0.005796722225178593	4694.057143509388	5.039502683993474e-08
0.005796673253363604	4715.309141799808	4.897181498861314e-08
0.005796625265410998	4736.519881263375	4.798795260555627e-08
0.0057965770896226095	4757.760847255588	4.817578838894193e-08
0.005796528030705398	4778.983496963978	4.9058917211616815e-08
0.005796479742028298	4800.629891857505	4.828867709947421e-08
0.005796433003560399	4822.041056573391	4.6738467899751224e-08
0.005796386682331988	4843.463428273797	4.632122841026487e-08
0.0057963395914280924	4864.802021428943	4.70909038959369e-08
0.005796292267320754	4886.2329018116	4.732410733860465e-08
0.0057962462094186835	4907.412135481834	4.6057902070364976e-08
0.00579620140419548	4928.903750538826	4.480522320347846e-08
0.005796156448430497	4950.079289391637	4.495576498304149e-08
0.005796110665940242	4971.415742084384	4.578249025461584e-08
0.005796065263064854	4992.552513509989	4.5402875388164676e-08
0.005796021403031629	5013.7753816097975	4.3860033225109896e-08
0.005795978212692994	5034.9666903316975	4.319033863539601e-08
0.005795934459020845	5056.183884575963	4.375367214891346e-08
0.005795890222131602	5077.376942917705	4.4236889242856015e-08
0.005795846957632694	5098.65968772769	4.326449890793699e-08
0.005795805096692344	5119.837438315153	4.186094035036475e-08
0.005795763391399352	5141.017488047481	4.1705292991647824e-08
0.005795720914993606	5162.206389993429	4.247640574602668e-08
0.005795678387087759	5183.395002901554	4.252790584708538e-08
0.0057956372998467075	5204.745975092053	4.108724105129219e-08
0.0057955971548824025	5226.161171615124	4.0144964305079134e-08
0.0057955568235446816	5247.5818524211645	4.033133772091135e-08
0.005795515830071329	5268.918002635241	4.099347335282527e-08
0.005795475379238823	5290.094644382596	4.0450832505638246e-08
0.005795436462308119	5311.213695004582	3.891693070405544e-08
0.005795398157949761	5332.390620261431	3.830435835790874e-08
0.005795359193413613	5353.842217132449	3.8964536147947926e-08
0.0057953196769187625	5375.113079145551	3.95164948506499e-08
0.005795281479028746	5396.303223416209	3.819789001682089e-08
0.005795244647181976	5417.7878399044275	3.683184676955137e-08
0.005795207677529642	5438.9726035147905	3.6969652334253866e-08
0.0057951699327433185	5460.126886382699	3.774478632336681e-08
0.0057951323937444526	5481.209073498845	3.753899886597967e-08
0.005795096466639618	5502.756945550442	3.5927104834534984e-08
0.005795061215521771	5524.092929571867	3.5251117846794855e-08
0.005795025430778905	5545.249428600073	3.578474286596717e-08
0.005794989083466838	5566.30538007617	3.6347312067259996e-08
0.005794953575565259	5587.434472501278	3.5507901579093226e-08
0.0057949195631321684	5608.563690751791	3.40124330904662e-08
0.005794885762772593	5630.1471349895	3.380035957546712e-08
0.005794851218560159	5651.764986664057	3.454421243411637e-08
0.005794816368032051	5672.9862151145935	3.4850528107463474e-08
0.005794782925131619	5694.101615905762	3.3442900432452405e-08
0.0057947505495665255	5715.169167324901	3.237556509341766e-08
0.005794718060813163	5736.529575526714	3.248875336293866e-08
0.005794684568044394	5757.576632708311	3.349276876847551e-08
0.005794651486686092	5778.693021088839	3.3081358302017305e-08
0.005794619981667741	5799.908875346184	3.1505018351085656e-08
0.005794588991513772	5821.15051420033	3.099015396905436e-08
0.005794557444541326	5842.42193107307	3.154697244579785e-08
0.005794525143055467	5863.586960151792	3.230148585935122e-08
0.005794493980921881	5884.850362896919	3.11621335862336e-08
0.005794464075610937	5906.0507854521275	2.9905310943746655e-08
0.005794434191373744	5927.1218270510435	2.9884237192495666e-08
0.005794403537885615	5948.262117668986	3.065348812975044e-08
0.005794372497909948	5969.306984305382	3.103997566616945e-08
0.005794342947499827	5990.426491096616	2.955041012147469e-08
0.005794314222535037	6011.512045547366	2.872496478959624e-08
0.00579428509538131	6032.612118527293	2.9127153727132038e-08
0.0057942550640740186	6053.685633763671	3.0031307291650267e-08
0.005794225316289217	6074.746016815305	2.974778480144269e-08
0.0057941968707482736	6095.735310301185	2.844554094355578e-08
0.005794169104785085	6116.785751417279	2.776596318837532e-08
0.005794140282774497	6137.921416684985	2.882201058807682e-08
0.005794110409598661	6159.082475230098	2.9873175835803956e-08
0.005794081889968448	6180.074994891882	2.8519630212997527e-08
0.005794054266373979	6201.170036569238	2.7623594469131096e-08
0.005794026083709578	6222.2262870669365	2.8182664400973334e-08
0.005793996474843361	6243.389782205224	2.9608866217341323e-08
0.005793967733277951	6264.410344079137	2.874156540978029e-08
0.005793940163681795	6285.339237302542	2.756959615636545e-08
0.005793912262235477	6306.277291119099	2.7901446317431244e-08
0.005793883168096907	6327.354480907321	2.909413857055121e-08
0.005793854130690455	6348.379093542695	2.903740645154862e-08
0.005793826422811721	6369.591461583972	2.770787873446201e-08
0.005793798993767022	6390.772129401565	2.742904469874019e-08
0.005793770759412276	6412.186405166984	2.8234354745686197e-08
0.005793741756428018	6433.357059061527	2.900298425815434e-08
0.005793713778028835	6454.705068409443	2.7978399183385683e-08
0.005793686654201596	6475.886142373085	2.712382723892709e-08
0.005793659631431209	6497.190269052982	2.7022770386804507e-08
0.005793631491736596	6518.371843546629	2.813969461265553e-08
0.005793603204967322	6539.60543705523	2.8286769274132872e-08
0.005793576043668196	6561.002419754863	2.7161299126499117e-08
0.005793549581599586	6582.38151307404	2.6462068610129397e-08
0.005793522958340139	6604.0381485670805	2.6623259446849346e-08
0.00579349514318107	6625.305415019393	2.7815159068383943e-08
0.005793467553047148	6647.016021966934	2.759013392229781e-08
0.005793440994651088	6669.129894301295	2.6558396060485934e-08
0.0057934150594487754	6690.720023453236	2.5935202312143968e-08
0.0057933886557673024	6711.981735467911	2.640368147299038e-08
0.005793361058337596	6733.369553297758	2.75974297060666e-08
0.00579333391431136	6754.571279808879	2.714402623678336e-08
0.00579330789608948	6775.9841636270285	2.6018221879926806e-08
0.005793282360038457	6797.39844468236	2.5536051022866102e-08
0.005793255800196744	6818.793923467398	2.655984171311132e-08
0.005793228530663455	6840.223678216338	2.7269533288583336e-08
0.005793202052436734	6861.847621142864	2.6478226721436682e-08
0.005793176888472004	6883.427182406187	2.5163964729665866e-08
0.005793151377188404	6905.158863991499	2.5511283600378187e-08
0.005793124817681426	6926.392497941852	2.655950697739995e-08
0.005793098174572469	6947.547051459551	2.6643108956905803e-08
0.005793072789230203	6968.682670518756	2.538534226662753e-08
0.0057930480904932165	6989.824270308018	2.4698736986183967e-08
0.005793022469078425	7010.913152620196	2.5621414791870967e-08
0.005792996084186818	7032.067163825035	2.638489160662616e-08
0.0057929701950193355	7053.106254458427	2.5889167482549824e-08
0.005792945617665254	7074.259111523628	2.4577354081588287e-08
0.005792921028313488	7095.369219601154	2.4589351765684497e-08
0.005792895359816446	7116.440189048648	2.5668497042295735e-08
0.005792869274546669	7137.599732503295	2.6085269776675302e-08
0.005792844386453317	7158.789832651615	2.4888093351840834e-08
0.005792820356894247	7181.171965032816	2.402955906997961e-08
0.005792795825138839	7202.215142399073	2.4531755408313538e-08
0.005792770162162204	7223.282186239958	2.566297663524758e-08
0.0057927447950854	7244.458050906658	2.536707680370065e-08
0.00579272087092452	7265.652903869748	2.392416087980409e-08
0.005792697077697909	7286.872862294316	2.379322661116845e-08
0.005792672376608589	7308.010214358568	2.470108931978965e-08
0.0057926469982390524	7329.108922064304	2.5378369536942225e-08
0.005792622658592053	7350.225435644388	2.4339646999271825e-08
0.005792599362889248	7371.475573912263	2.3295702805160856e-08
0.00579257559090931	7392.981342554092	2.3771979938344567e-08
0.00579255089236342	7414.932027488947	2.4698545889913215e-08
0.005792526111199625	7437.034172847867	2.4781163794618255e-08
0.005792502659942027	7458.256584361196	2.3451257598165742e-08
0.00579247974156121	7479.439697116613	2.2918380817270323e-08
0.005792456016711314	7500.632547616959	2.3724849895420674e-08
0.005792431533549018	7521.719715505838	2.448316229614056e-08
0.005792407528675926	7542.925937563181	2.4004873091891532e-08
0.005792384757721018	7564.079994753003	2.2770954908116203e-08
0.005792362058298653	7585.339867159724	2.2699422365206334e-08
0.005792338581611919	7606.483035504818	2.3476686733525653e-08
0.005792314315136699	7627.669805392623	2.4266475220739714e-08
0.005792291128496487	7648.800277337432	2.3186640212002896e-08
0.0057922688922146985	7669.945198178291	2.2236281788101664e-08
0.005792246482854292	7691.731441065669	2.2409360406379364e-08
0.005792222989082192	7713.3447791188955	2.349377210050102e-08
0.005792199263086482	7734.995384991169	2.3725995709766856e-08
0.005792176943550342	7756.723627120256	2.2319536140298635e-08
0.00579215502374085	7778.417233392596	2.1919809491816045e-08
0.005792132831586331	7800.19510743022	2.219215451855494e-08
0.005792109331022785	7821.9194335490465	2.3500563546378916e-08
0.005792086418916718	7843.240547567606	2.2912106066586002e-08
0.005792064715782519	7864.65511597693	2.170313419952441e-08
0.005792043146655448	7885.955055594444	2.156912707034636e-08
0.005792020854757635	7907.380056902766	2.2291897813775385e-08
0.005791997666616873	7928.726090759039	2.3188140761687404e-08
0.005791975695402174	7950.06179112196	2.19712146991638e-08
0.005791954423864541	7971.2398387640715	2.127153763287898e-08
0.005791933253189819	7992.36907453835	2.1170674721973648e-08
0.005791910916704116	8013.581387743354	2.233648570271196e-08
0.005791888430724694	8034.702906534076	2.2485979422198765e-08
0.0057918669322816665	8055.921020656824	2.1498443027526126e-08
0.005791846275140507	8077.0031185001135	2.0657141159077796e-08
0.005791825208512653	8098.12928815186	2.10666278544977e-08
0.00579180304793768	8119.269688650966	2.2160574973152658e-08
0.005791781188300099	8140.375746712089	2.1859637580959324e-08
0.005791760293346743	8161.872844904661	2.0894953356095924e-08
0.00579174019312475	8182.959014952183	2.0100221992912226e-08
0.0057917191100401106	8204.081555113196	2.1083084639217375e-08
0.00579169738655609	8225.213060602546	2.1723484020311212e-08
0.0057916760030525365	8246.331171795726	2.1383503553788763e-08
0.005791655884097907	8267.527536079288	2.0118954629881614e-08
0.005791635965709058	8288.747733592987	1.991838884888436e-08
0.0057916150968119785	8309.898667573929	2.086889707916817e-08
0.005791593605269114	8331.14006818831	2.1491542864793267e-08
0.005791572966275779	8352.218473672867	2.0638993334688716e-08
0.005791553451593908	8373.485735163093	1.951468187131461e-08
0.005791533667132517	8394.690768122673	1.9784461390351393e-08
0.005791512891026117	8415.82883296907	2.077610640038169e-08
0.005791491836129071	8437.090485051274	2.1054897046332566e-08
0.005791472181162552	8458.340282469988	1.9654966518928285e-08
0.00579145299214192	8479.613686919212	1.9189020632019715e-08
0.005791433393068508	8500.79102934897	1.9599073411945278e-08
0.005791412636871232	8522.044087916613	2.0756197275685617e-08
0.005791392379775813	8543.130843788385	2.0257095419487503e-08
0.005791373459501724	8564.335409998894	1.8920274088771172e-08
0.005791354530324918	8585.431823536754	1.8929176805876358e-08
0.005791334960891424	8606.617132872343	1.956943349382123e-08
0.005791314441719269	8627.676366269588	2.0519172154800924e-08
0.005791295207911609	8648.926088631153	1.923380766027244e-08
0.005791276702268811	8670.596478566527	1.8505642797664312e-08
0.005791258151194035	8691.975497752428	1.8551074776156085e-08
0.005791238411426964	8713.819687455893	1.9739767070925396e-08
0.0057912186110626335	8736.199311614037	1.9800364330774256e-08
0.0057912000661558966	8757.9048550874	1.854490673698639e-08
0.005791182025607047	8779.770939067006	1.8040548849934668e-08
0.0057911635333595425	8802.107141673565	1.8492247504109383e-08
0.005791143870397432	8823.908422276378	1.9662962110096605e-08
0.005791124961347458	8845.094347402453	1.8909049974251413e-08
0.005791106862260531	8866.730461239815	1.809908692709805e-08
0.005791089380713841	8888.061217740178	1.748154669026919e-08
0.005791070805772427	8909.457177340984	1.85749414139888e-08
0.005791051668553556	8930.803086593747	1.913721887122216e-08
0.005791033265784323	8952.147840976715	1.8402769232962746e-08
0.005791015789315387	8973.432163238525	1.7476468935212486e-08
0.005790998619249935	8994.697940304875	1.7170065452765115e-08
0.005790980100074935	9016.192346841097	1.8519174999932775e-08
0.0057909615107649545	9037.372540906072	1.8589309980221458e-08
0.005790943610124107	9058.638196140528	1.790064084721682e-08
0.005790926876296317	9079.83442516625	1.6733827790452183e-08
0.005790909638288363	9101.066806524992	1.7238007954216428e-08
0.005790891505704061	9122.24481254816	1.813258430124337e-08
0.005790873272904143	9143.482654839754	1.8232799918298237e-08
0.005790856308917452	9164.713894948363	1.696398669107091e-08
0.005790839879592873	9185.953445002437	1.6429324578744187e-08
0.005790822877845523	9207.162086769938	1.7001747350253726e-08
0.005790804903475762	9228.429156854749	1.7974369760816178e-08
0.0057907872769731444	9249.611329257488	1.762650261773885e-08
0.0057907710962320745	9270.794704303145	1.618074106993217e-08
0.005790754851164803	9292.03374272585	1.624506727141567e-08
0.005790738031606033	9313.363771244884	1.681955877005925e-08
0.005790720255907541	9334.614799410105	1.777569849214372e-08
0.005790703618196946	9355.922942891717	1.6637710594652466e-08
0.005790687831624252	9377.177875995636	1.5786572694041767e-08
0.005790671986723163	9398.526985734701	1.5844901089107077e-08
0.005790655119752852	9419.639419436455	1.68669703108984e-08
0.005790637906832743	9440.79994481802	1.7212920109220542e-08
0.005790621992458883	9461.86900088191	1.591437386039285e-08
0.0057906066157193395	9483.128817483783	1.537673954311869e-08
0.00579059097801483	9504.459515348077	1.5637704509768868e-08
0.00579057407932314	9525.868158832192	1.6898691689894163e-08
0.005790557767454212	9547.0138079077	1.6311868927636197e-08
0.005790542281849754	9568.484282314777	1.548560445846503e-08
0.005790527507857755	9589.773418486118	1.4773991998534575e-08
0.005790511829288352	9611.175905913115	1.5678569402835518e-08
0.005790495405208438	9632.493599876761	1.6424079914666156e-08
0.005790479627889602	9653.720908775926	1.5777318835945298e-08
0.005790464682706228	9674.774955555797	1.4945183373846205e-08
0.0057904503175341005	9696.00577673316	1.436517212734939e-08
0.005790434704863614	9717.231224372983	1.5612670486303548e-08
0.00579041885439295	9738.489541605115	1.5850470664290073e-08
0.005790403433969106	9759.674315050244	1.5420423844086928e-08
0.005790389275927201	9780.81796309352	1.4158041904653584e-08
0.005790374981189873	9802.015958353877	1.429473732786346e-08
0.0057903598066312454	9823.243418499827	1.517455862787981e-08
0.005790344226873289	9844.471788063645	1.557975795683092e-08
0.005790329476869745	9865.753306493163	1.4750003543215207e-08
0.005790315806599446	9886.96600754559	1.3670270299429021e-08
0.005790301740417013	9908.242883771658	1.4066182433235264e-08
0.005790286952137147	9929.734819039702	1.4788279865431131e-08
0.005790271600266191	9951.486443787813	1.5351870955894464e-08
0.005790257728761793	9972.860506266356	1.3871504398257906e-08
0.005790244210639808	9994.170285865664	1.3518121985515996e-08
0.005790230584602235	10016.242175847292	1.3626037572572747e-08
0.005790215744525485	10038.669340088964	1.4840076749920994e-08
0.005790201227356789	10059.984592705965	1.4517168696326355e-08
0.005790187842722144	10081.258129268885	1.338463464454348e-08
0.005790174768952765	10102.535411819816	1.307376937959015e-08
0.005790161392913756	10123.794287458062	1.3376039009055374e-08
0.0057901467891397045	10145.094363495708	1.4603774051158425e-08
0.0057901329663996946	10166.392434239388	1.382274000989725e-08
0.005790119883068784	10187.6731800884	1.3083330910844404e-08
0.005790107425623792	10209.014311373234	1.2457444991363642e-08
0.005790094045810729	10230.303396269679	1.3379813063041368e-08
0.00579008009220662	10251.737731143832	1.3953604108968287e-08
0.005790066538550957	10273.239660009742	1.3553655663078867e-08
0.005790054148354761	10294.715293169022	1.2390196196289394e-08
0.0057900419086121015	10316.230763271451	1.2239742659507502e-08
0.00579002895550039	10337.825002655387	1.2953111711705434e-08
0.005790015397400972	10359.289526283741	1.3558099417471103e-08
0.005790002268658467	10380.815726101398	1.3128742505467972e-08
0.005789990453339004	10402.220881193876	1.1815319462399332e-08
0.00578997847363253	10423.583122223616	1.1979706474214702e-08
0.0057899660641162545	10444.985790401697	1.2409516275679877e-08
0.0057899525918564685	10466.38630631566	1.3472259786061203e-08
0.005789940216505367	10487.681569501758	1.2375351101517884e-08
0.005789928675237192	10509.086508527398	1.1541268174659891e-08
0.005789917212205008	10530.39537666738	1.1463032184057254e-08
0.005789904787974189	10552.02532748878	1.2424230819499393e-08
0.005789891913290485	10573.332930356264	1.2874683703693879e-08
0.005789880129488353	10594.60194708407	1.1783802131987153e-08
0.005789869074119776	10615.837570086122	1.105536857719247e-08
0.005789857973749646	10637.246831908822	1.1100370130023851e-08
0.005789845645200785	10658.623955324292	1.2328548860615629e-08
0.0057898334429391666	10679.822515055537	1.2202261618667054e-08
0.0057898220221921995	10701.10445073247	1.142074696706269e-08
0.005789811707677949	10722.7174320966	1.031451425052149e-08
0.005789800500563047	10743.858160048723	1.1207114901899684e-08
0.005789788685979472	10765.12084762752	1.1814583575353588e-08
0.0057897767809581965	10786.327934905887	1.1905021275217254e-08
0.005789766298995212	10807.70566482842	1.0481962984219828e-08
0.005789756143184155	10829.00538161397	1.0155811057573072e-08
0.005789745200495959	10850.18477384746	1.0942688195673955e-08
0.005789733582544955	10871.348166838288	1.161795100401708e-08
0.005789722495301638	10892.514954134822	1.1087243317019213e-08
0.005789712609005633	10913.703391805291	9.886296004936457e-09
0.005789702655545551	10934.904058277607	9.95346008218767e-09
0.005789692093314688	10956.100181952119	1.056223086250141e-08
0.0057896806290294945	10977.335297137499	1.146428519390591e-08
0.005789670434500795	10998.530337929726	1.0194528699512817e-08
0.005789660808090358	11019.73153604567	9.626410437009458e-09
0.005789651386471601	11041.19358035922	9.4216187568677e-09
0.005789640702199724	11062.364991277456	1.0684271876948426e-08
0.005789629995480012	11083.516339614987	1.0706719712205715e-08
0.005789620219769808	11104.947010949254	9.775710204003307e-09
0.005789611141593257	11126.098029643297	9.078176550769701e-09
0.005789602001770064	11147.418578147888	9.139823193421437e-09
0.005789591579267561	11168.68238992989	1.0422502502542563e-08
0.005789581422490201	11189.918115496635	1.0156777360131874e-08
0.005789572011521118	11211.151405066252	9.410969083016585e-09
0.005789563558837545	11232.380766257644	8.452683573044462e-09
0.005789554461734346	11253.614008411765	9.097103199212642e-09
0.005789544579212307	11274.875623598695	9.882522038553998e-09
0.005789534661390361	11296.034444510937	9.91782194651597e-09
0.005789526027917244	11317.265536040068	8.633473116970158e-09
0.005789517828241291	11338.466159626842	8.199675952981489e-09
0.005789509040483231	11359.704043999314	8.787758059430884e-09
0.00578949943661508	11381.200162693858	9.603868151263073e-09
0.005789490087698592	11402.559978798032	9.348916488183256e-09
0.005789482149883358	11423.813569903374	7.937815234108914e-09
0.005789474153292161	11445.141186356544	7.996591196504643e-09
0.005789465833295378	11466.308897316456	8.319996783537342e-09
0.005789456296757721	11487.506210803986	9.536537656784638e-09
0.005789447772110382	11508.638478845358	8.52464733872016e-09
0.005789440198947104	11530.168318629265	7.573163277908856e-09
0.0057894327077500085	11551.36506319046	7.491197095803315e-09
0.005789424345173972	11572.700500011444	8.362576036161085e-09
0.005789415322863044	11594.053222194314	9.022310928745447e-09
0.0057894074986333	11615.428099989891	7.824229743269573e-09
0.005789400371960617	11636.428875789046	7.126672683412105e-09
0.005789393252697485	11657.720755204558	7.119263132140952e-09
0.005789384851754172	11678.857630297542	8.40094331253094e-09
0.005789376596257783	11700.027231901884	8.25549638892864e-09
0.005789369192659985	11721.321907311678	7.403597798195938e-09
0.005789362771338107	11742.600982055068	6.421321877871089e-09
0.0057893555234349294	11763.5856821239	7.2479031778052705e-09
0.005789347522860236	11784.768231794238	8.000574693196871e-09
0.005789339710401832	11806.129290565848	7.812458404157785e-09
0.005789333092394311	11827.58625523746	6.618007521337621e-09
0.005789326981916337	11848.819919854403	6.11047797343528e-09
0.0057893198550021474	11870.262683406472	7.126914189879707e-09
0.005789312189516653	11891.687372356653	7.66548549462065e-09
0.005789304984727218	11912.993880033493	7.204789435194536e-09
0.005789299109394164	11934.305694177747	5.875333053406706e-09
0.0057892931541999905	11955.6103682518	5.95519417372764e-09
0.005789286270096102	11976.788950264454	6.884103888500637e-09
0.005789278833850133	11997.957579612732	7.4362459688212534e-09
0.005789272561914732	12019.184726893902	6.271935401591655e-09
0.005789267102277411	12040.415347456932	5.459637320362476e-09
0.005789261293555463	12061.611029908061	5.808721947886397e-09
0.005789254434779486	12082.852455705404	6.858775977724996e-09
0.005789247644052595	12104.481358125806	6.7907268905265106e-09
0.005789242284256202	12126.842728033662	5.35979639317008e-09
0.00578923706096986	12148.913449123502	5.223286341643485e-09
0.005789231474927148	12171.244591340423	5.586042712592276e-09
0.005789224670162934	12193.750856980681	6.804764213913517e-09
0.005789218782669913	12215.879759162664	5.887493020884094e-09
0.005789213882512922	12238.139028415084	4.900156991109739e-09
0.005789209048469296	12260.821474730968	4.834043625459583e-09
0.005789203452083599	12283.311865612864	5.596385696873818e-09
0.005789197098551043	12304.572369083762	6.353532556839514e-09
0.00578919196071824	12325.888834744692	5.137832802433462e-09
0.005789187423781978	12347.249824672937	4.536936262442004e-09
0.005789183057274658	12368.552031636238	4.366507319782109e-09
0.005789177461371968	12389.874996885657	5.595902690010146e-09
0.005789171754619831	12411.250562667847	5.70675213681926e-09
0.005789167007990426	12432.617276862264	4.746629405499858e-09
0.005789163125985057	12453.934390455484	3.882005368202601e-09
0.005789158788967524	12475.103661969304	4.3370175333012906e-09
0.005789153354401365	12496.53889593482	5.43456615906962e-09
0.005789148248254359	12517.81213568151	5.106147006085637e-09
0.005789144103558203	12538.968348160386	4.144696155727878e-09
0.0057891406913015446	12560.169885843992	3.4122566586539116e-09
0.005789136271549721	12581.422779887915	4.419751823206419e-09
0.005789131261341285	12602.816785469651	5.010208436496966e-09
0.0057891265830412415	12624.08400414884	4.678300043366168e-09
0.005789123141381657	12645.960084363818	3.4416595849282028e-09
0.0057891198376398174	12667.212927371264	3.3037418391279605e-09
0.005789115616794406	12688.673074796796	4.22084541103207e-09
0.005789110755009208	12710.080469489098	4.861785198387314e-09
0.005789106686657954	12731.527927592397	4.068351253973257e-09
0.005789103679077809	12752.539015471935	3.007580145000799e-09
0.005789100496954397	12773.765782609582	3.1821234119933095e-09
0.005789096304435325	12794.825377419591	4.192519072361567e-09
0.005789091698296557	12816.185442373157	4.606138767279666e-09
0.005789088324609031	12837.407861068845	3.373687526390945e-09
0.005789085507560274	12858.774882361293	2.8170487565912228e-09
0.005789082449353224	12880.09746490419	3.05820705044646e-09
0.005789078079722804	12901.571110472083	4.369630419651105e-09
0.005789073966095898	12922.814164057374	4.113626906124268e-09
0.0057890710697233935	12944.09720055759	2.89637250468211e-09
0.005789068425056089	12965.387787774205	2.6446673045965596e-09
0.005789065219328441	12986.631358712912	3.205727647746792e-09
0.0057890608261161255	13007.925682008266	4.393212315635664e-09
0.005789057337070092	13029.175378128886	3.489046033859633e-09
0.005789054698368587	13050.36211322248	2.6387015046938633e-09
0.005789052261263439	13071.554293960333	2.4371051478982997e-09
0.005789048781899737	13092.763206705451	3.4793637016666823e-09
0.005789044658952391	13113.961548820138	4.122947346377193e-09
0.00578904148957479	13135.121773257852	3.169377600642509e-09
0.005789039189485579	13156.381492868066	2.30008921110747e-09
0.005789036683706193	13177.57927313447	2.50577938606944e-09
0.00578903294471448	13198.792135298252	3.738991713464479e-09
0.005789029182546274	13219.996612086892	3.762168205440064e-09
0.005789026346722577	13241.21862065792	2.835823697394657e-09
0.005789024370600195	13262.480151355267	1.9761223820496943e-09
0.005789021505649602	13283.690219476819	2.8649505927347274e-09
0.005789017802048747	13305.044298097491	3.7036008548180233e-09
0.00578901433824114	13326.288739278913	3.4638076070597767e-09
0.005789011966455486	13347.71335478127	2.3717856541607962e-09
0.0057890100028372225	13368.958332180977	1.9636182636492694e-09
0.0057890069307434495	13390.2925837636	3.0720937729475373e-09
0.005789003316914542	13411.44672420621	3.613828907129968e-09
0.005789000134939288	13432.764891460538	3.1819752544653968e-09
0.005788998205194601	13454.165991574526	1.929744686962609e-09
0.005788996099466731	13475.448972702026	2.1057278698499715e-09
0.0057889930181189405	13496.803628265858	3.0813477906385667e-09
0.0057889893683763785	13518.149265259504	3.649742561992464e-09
0.005788986795192887	13539.399192422628	2.5731834918038543e-09
0.005788985044267497	13560.616582036018	1.7509253899192223e-09
0.005788982867950571	13581.885868400335	2.176316926151556e-09
0.005788979550187555	13603.18270304799	3.3177630157088522e-09
0.005788976149868385	13624.589060351253	3.400319169462318e-09
0.005788974244046279	13645.893987700343	1.9058221060325176e-09
0.0057889723914211575	13667.13914732635	1.852625121888385e-09
0.005788970058631185	13688.551148757339	2.332789972477045e-09
0.005788966549805314	13709.672616258264	3.5088258713497633e-09
0.005788963922252855	13731.01010927558	2.627552458597804e-09
0.005788962244686082	13752.28960224986	1.6775667729951316e-09
0.005788960458618693	13773.52722492814	1.7860673894726231e-09
0.005788957904445429	13794.89992120862	2.5541732635164793e-09
0.005788954466204501	13816.421602070332	3.4382409280775406e-09
0.005788952399454673	13837.713219717145	2.066749827701886e-09
0.005788950788377885	13859.117813497782	1.6110767884700006e-09
0.005788949174341826	13880.60946521163	1.6140360584518398e-09
0.00578894610809237	13901.898177996278	3.0662494565972254e-09
0.005788943289280431	13923.116833791137	2.8188119390731847e-09
0.005788941396697026	13944.389195486903	1.8925834050984025e-09
0.0057889401568558705	13966.814715012908	1.2398411550901267e-09
0.005788938213107542	13988.412218809128	1.9437483289586055e-09
0.005788935173639079	14009.704837352037	3.039468462508188e-09
0.005788932775488688	14030.976881548762	2.398150390943432e-09
0.005788931101779579	14052.235337942839	1.6737091088070422e-09
0.005788930073798089	14073.456539720297	1.0279814907296347e-09
0.005788927729076174	14094.667502313852	2.3447219148903242e-09
0.0057889250338423355	14115.901954069734	2.6952338381958096e-09
0.005788922756958405	14137.125414252281	2.2768839305284394e-09
0.005788921555504607	14158.612840905786	1.2014537975613138e-09
0.005788920407131392	14179.843418031931	1.1483732150971426e-09
0.00578891808770576	14201.054612353444	2.319425632460459e-09
0.005788915469845055	14222.279336929321	2.617860705121655e-09
0.005788913520036693	14243.413146793842	1.949808361642602e-09
0.005788912663841532	14264.73381216824	8.561951607768958e-10
0.0057889113630709265	14285.94394147396	1.3007706058110191e-09
0.005788909115948166	14307.086109921336	2.247122760437592e-09
0.005788906460460605	14328.569878309965	2.6554875607459616e-09
0.005788905122945814	14349.802858352661	1.3375147916300234e-09
0.005788904238650959	14371.02808469534	8.84294854355816e-10
0.00578890300253214	14392.191071748734	1.2361188192824835e-09
0.005788900479202872	14413.383223846555	2.5233292677562247e-09
0.0057888983560713675	14434.531413272023	2.1231315048067523e-09
0.005788897334581871	14455.72674240172	1.0214894962876087e-09
0.005788896589499624	14476.972693324089	7.450822476356977e-10
0.005788895094307829	14498.166880443692	1.495191794161077e-09
0.0057888925653488766	14519.317618876696	2.528958952842386e-09
0.005788890981418379	14540.475070998073	1.5839304971787538e-09
0.005788890198610685	14561.779349014163	7.828076945340379e-10
0.005788889534730779	14583.043970435858	6.63879905909992e-10
0.005788887642927133	14604.068828999996	1.891803646028589e-09
0.005788885444156435	14625.216328665614	2.1987706976325794e-09
0.00578888416136994	14646.366674140096	1.2827864950826218e-09
0.0057888837346146945	14667.722652971745	4.2675524572488577e-10
0.005788882877138109	14689.042599111795	8.574765853960886e-10
0.0057888809371283295	14710.355133593082	1.940009779557994e-09
0.005788879015570188	14731.985454663634	1.9215581417708627e-09
0.005788878028828062	14753.869217932224	9.867421255083109e-10
0.005788877863748211	14775.278512328863	1.650798508306961e-10
0.005788876783777868	14796.69684612751	1.0799703431887964e-09
0.00578887493173668	14818.584850251675	1.852041187945519e-09
0.005788873190610779	14840.173810496926	1.741125901441598e-09
0.005788872665633638	14861.383975729346	5.249771407520032e-10
0.005788872525316634	14882.63356140256	1.4031700367594935e-10
0.005788871275325596	14903.898149371147	1.24999103862794e-09
0.005788869480257194	14925.078087180853	1.79506840208149e-09
0.005788868149057082	14946.356120303273	1.3312001119480943e-09
0.005788868040662919	14967.625605344772	1.0839416256930301e-10
0.005788867748315103	14988.767837941647	2.9234781609432936e-10
0.00578886639508246	15009.991790428758	1.3532326431295316e-09
0.0057888646145204765	15031.28862258792	1.7805619834457276e-09
0.005788863849984103	15052.48557138443	7.645363734459787e-10
0.005788863915641352	15073.746778666973	-6.565724873508483e-11