0.0018593465422738304	0.1256788969039917	0.0018593465422738304
0.0018592158872653389	24.64248538017273	1.3065500849155157e-07
0.0018587869995785472	49.54614046216011	4.2888768679171137e-07
0.0018585282860050522	73.84924066066742	2.5871357349493973e-07
0.0018581642354816652	98.80882146954536	3.6405052338699985e-07
0.001857808944111776	123.00862351059914	3.5529136988921364e-07
0.0018575750665338567	147.14594848453999	2.338775779192788e-07
0.0018572781331019082	171.3483099490404	2.969334319485959e-07
0.001857013471239778	195.6584751009941	2.646618621302433e-07
0.001856839858884249	219.95202733576298	1.7361235552892755e-07
0.0018566300010419035	244.4184154868126	2.0985784234548235e-07
0.001856442870433199	269.07952558994293	1.871306087044243e-07
0.0018563193179683465	293.18707199394703	1.2355246485260506e-07
0.0018561659991350955	317.1627189517021	1.5331883325094865e-07
0.0018560216626913176	342.02135664224625	1.4433644377788435e-07
0.0018559214666773354	366.0033640563488	1.0019601398222888e-07
0.001855793360374436	390.3358403146267	1.2810630289948957e-07
0.0018556726170759503	414.42842668294907	1.2074329848563332e-07
0.0018555827345541412	438.3135846108198	8.98825218090954e-08
0.0018554678769311845	462.54338529706	1.1485762295665274e-07
0.0018553682255564126	486.36713837087154	9.965137477197829e-08
0.0018552881384045908	510.97738444805145	8.00871518217422e-08
0.0018551882716237667	535.1237640678883	9.986678082413158e-08
0.0018551116258768898	559.4714817255735	7.664574687687303e-08
0.0018550363241964084	583.9438706040382	7.530168048136554e-08
0.0018549541298584805	608.6371272355318	8.219433792790165e-08
0.0018548918141755725	632.77828989923	6.231568290809147e-08
0.0018548136539127532	656.5796379745007	7.816026281921851e-08
0.0018547457919701887	680.7745517492294	6.786194256449413e-08
0.0018546790463176482	704.9482847750187	6.67456525405355e-08
0.001854606192803142	728.9133723974228	7.285351450629987e-08
0.0018545452218544619	752.7834677249193	6.097094868004124e-08
0.0018544720759124588	777.9138810038567	7.314594200301394e-08
0.0018544120308071844	802.5485176593065	6.004510527441061e-08
0.0018543442123758122	826.8552935421467	6.781843137223208e-08
0.0018542846120310587	851.4050974398851	5.9600344753463555e-08
0.0018542213361907893	875.2876487374306	6.327584026947879e-08
0.0018541631303496996	899.4163270890713	5.820584108966187e-08
0.0018541039796277246	923.837378397584	5.9150721975001486e-08
0.0018540481584811	948.3918129652739	5.582114662454514e-08
0.0018539922731659305	972.288891389966	5.5885315169588654e-08
0.0018539404329426098	996.1009741723537	5.184022332065108e-08
0.0018538873464941275	1020.1100156009197	5.308644848234581e-08
0.0018538399609950278	1044.4500046372414	4.73854990996371e-08
0.0018537883765116286	1068.8843298107386	5.158448339922378e-08
0.0018537423648041667	1093.0556855499744	4.601170746189667e-08
0.0018536920657348207	1117.1171216368675	5.029906934603083e-08
0.0018536448381536387	1141.2857085317373	4.722758118196231e-08
0.001853598272498724	1165.2384025007486	4.656565491469207e-08
0.0018535504985197834	1189.9442181438208	4.777397894059794e-08
0.0018535078283466759	1213.8689084798098	4.267017310755766e-08
0.0018534644112783239	1237.8503799587488	4.341706835199466e-08
0.0018534208318067053	1262.0452349931002	4.357947161861067e-08
0.0018533802226762262	1286.0579130351543	4.06091304791089e-08
0.0018533391022513331	1311.0249502062798	4.1120424893034344e-08
0.001853296546846032	1334.9633988589048	4.255540530118812e-08
0.0018532562489227554	1359.0444872826338	4.0297923276522846e-08
0.0018532183687289057	1383.3065324872732	3.78801938497042e-08
0.0018531802566481013	1407.5439887940884	3.811208080443766e-08
0.001853141397962644	1432.6175549030304	3.88586854573221e-08
0.001853103331790127	1456.5692431777716	3.806617251684956e-08
0.001853067429971558	1480.9099509119987	3.590181856904899e-08
0.0018530335864531617	1504.772661730647	3.384351839638526e-08
0.0018530010682063704	1528.5533912032843	3.2518246791254576e-08
0.0018529681321056573	1552.3732637315989	3.293610071307407e-08
0.0018529327160702427	1576.1717609465122	3.5416035414678054e-08
0.0018528978305802435	1600.306017935276	3.488548999913514e-08
0.0018528662670145514	1623.9336005300283	3.156356569210608e-08
0.0018528367680627916	1647.9284672439098	2.9498951759814387e-08
0.0018528063162979594	1672.4929832667112	3.0451764832179276e-08
0.0018527733688068237	1696.6659901887178	3.294749113575031e-08
0.0018527421721942978	1721.3674962818623	3.119661252590222e-08
0.0018527148807246305	1745.7064096182585	2.7291469667295107e-08
0.001852688368418282	1769.773889452219	2.651230634857782e-08
0.0018526595918214343	1794.2932374626398	2.877659684760031e-08
0.001852630049706732	1818.3814252465963	2.9542114702218666e-08
0.0018526043551206042	1842.900228947401	2.569458612783175e-08
0.0018525814207982407	1866.8199045807123	2.2934322363530463e-08
0.0018525568888554588	1891.417734324932	2.453194278186771e-08
0.001852529992832926	1915.247081041336	2.6896022532838654e-08
0.0018525052133324502	1940.1104105263948	2.4779500475829996e-08
0.0018524841906537477	1964.5713854134083	2.102267870245436e-08
0.0018524638679197937	1989.0631332695484	2.032273395402573e-08
0.0018524406893204457	2013.3081202805042	2.31785993480213e-08
0.0018524172695981778	2037.6503831744194	2.3419722267829096e-08
0.001852397590695723	2061.6367712914944	1.9678902454843897e-08
0.0018523803502121248	2085.3970242142677	1.7240483598255155e-08
0.0018523617862191467	2109.3055906146765	1.8563992978037555e-08
0.001852340522853883	2133.6603906601667	2.1263365263630638e-08
0.0018523211760283825	2157.7198970913887	1.9346825500584502e-08
0.0018523055497712986	2182.1740655750036	1.5626257083862366e-08
0.0018522903919155178	2206.109759390354	1.5157855780875e-08
0.0018522724925217468	2229.9927320331335	1.7899393770989813e-08
0.0018522536868212681	2254.2104441076517	1.8805700478623233e-08
0.0018522383442483928	2278.2276838719845	1.5342572875359783e-08
0.0018522253202080574	2302.1088713258505	1.3024040335356951e-08
0.0018522107217816362	2326.5586198717356	1.4598426421267435e-08
0.0018521931940370683	2350.5591744184494	1.7527744567823883e-08
0.0018521770363815323	2374.5071010142565	1.6157655536013643e-08
0.001852164388298153	2398.288844138384	1.264808337925194e-08
0.0018521521637199193	2422.0652400553226	1.2224578233802769e-08
0.0018521368866030578	2445.621630385518	1.5277116861486806e-08
0.001852120032313107	2469.1390507668257	1.6854289950881188e-08
0.0018521064483771749	2492.9579384475946	1.3583935932039506e-08
0.0018520950354758423	2517.166195526719	1.1412901332547368e-08
0.0018520823905200205	2541.1059456914663	1.2644955821794132e-08
0.0018520665534872767	2565.8614433705807	1.583703274380885e-08
0.0018520516626096197	2589.8164021521807	1.4890877657021753e-08
0.0018520402127159157	2614.2244736105204	1.1449893703953037e-08
0.001852029579311902	2637.986201554537	1.0633404013641462e-08
0.0018520162454427336	2661.890548557043	1.3333869168519197e-08
0.001852001083285447	2686.4008138775826	1.5162157286641165e-08
0.0018519890484175123	2710.26871137321	1.2034867934683502e-08
0.0018519797360985767	2734.7253269702196	9.31231893550391e-09
0.001851969161894872	2758.851120367646	1.0574203704706922e-08
0.0018519555616762777	2783.2140199393034	1.3600218594323962e-08
0.0018519429329578027	2807.4248825758696	1.2628718475040518e-08
0.0018519335099026959	2831.525491386652	9.423055106821607e-09
0.0018519250965298606	2855.7376804947853	8.413372835219812e-09
0.0018519146595544227	2879.756757378578	1.0436975437979473e-08
0.0018519019175855748	2903.592922732234	1.2741968847878801e-08
0.0018518909949684671	2928.5897532850504	1.0922617107653187e-08
0.0018518830512369894	2952.6525082439184	7.943731477732391e-09
0.0018518752669125374	2977.3328624665737	7.784324451958619e-09
0.0018518644254442197	3001.4349557459354	1.0841468317708547e-08
0.0018518523107415872	3025.3940177708864	1.2114702632563812e-08
0.0018518432729523167	3049.3046181946993	9.037789270444074e-09
0.0018518359560028429	3073.555706486106	7.316949473829687e-09
0.0018518286435499733	3097.400388389826	7.312452869568872e-09
0.0018518179644721102	3121.0531224906445	1.0679077863109607e-08
0.0018518070065667751	3144.9978772997856	1.0957905335071474e-08
0.001851799581268494	3169.1572988778353	7.425298281186349e-09
0.0018517935983910997	3193.1464976221323	5.982877394243927e-09
0.0018517861511482836	3217.45878110826	7.4472428161342225e-09
0.0018517756570173849	3241.39109878242	1.04941308986823e-08
0.0018517670476970634	3265.4293513298035	8.609320321538091e-09
0.001851760821836386	3289.9462208151817	6.225860677260692e-09
0.001851755662584667	3314.211907789111	5.15925171898704e-09
0.0018517483634789879	3338.2721558511257	7.29910567924541e-09
0.0018517384634344951	3362.009538948536	9.900044492744745e-09
0.0018517311279699405	3386.3142559826374	7.335464554574303e-09
0.001851726181658291	3410.1435945928097	4.946311649546911e-09
0.0018517215680652335	3434.0324910134077	4.613593057502946e-09
0.0018517141497397295	3457.8135822862387	7.4183255040129875e-09
0.0018517052389555287	3481.638283789158	8.910784200788502e-09
0.0018516994209063057	3505.53731200099	5.818049222949817e-09
0.0018516955325348855	3528.968133956194	3.888371420202388e-09
0.0018516915824384368	3552.578220039606	3.950096448719631e-09
0.0018516838668666187	3576.5621256679296	7.715571818164152e-09
0.0018516765364250344	3600.9566411972046	7.330441584253375e-09
0.0018516720715513431	3625.351408481598	4.464873691253923e-09
0.0018516691573074277	3649.536952480674	2.914243915413603e-09
0.00185166488913192	3673.566173866391	4.268175507688224e-09
0.0018516574711201586	3697.9769525825977	7.4180117614914415e-09
0.0018516518413162321	3721.9482029676437	5.62980392642895e-09
0.0018516483724371994	3745.8412535190582	3.468879032761038e-09
0.0018516464963732775	3769.9628131985664	1.8760639218344533e-09
0.001851641877954725	3793.718259692192	4.61841855254122e-09
0.0018516351915744463	3817.924362242222	6.686380278663265e-09
0.0018516307291347165	3842.02152235806	4.4624397298013985e-09
0.0018516283999342857	3865.990904301405	2.32920043083569e-09
0.00185162698737362	3889.7990472465754	1.4125606656589795e-09
0.0018516222923296438	3913.993000343442	4.695043976212301e-09
0.0018516167465948475	3937.5121245086193	5.545734796299356e-09
0.0018516127565311785	3961.425462320447	3.9900636690081565e-09
0.0018516118407746283	3985.328255996108	9.15756550234556e-10
0.0018516105820812264	4009.7765370458364	1.258693401893704e-09
0.0018516060865353516	4033.874404489994	4.495545874796947e-09
0.0018516010654375265	4058.034335896373	5.021097825063173e-09
0.0018515984219054466	4082.057300284505	2.643532079869837e-09
0.0018515986237134501	4106.4226537793875	-2.0180800346797367e-10