0.001099011174822746	0.10650956630706787	0.001099011174822746
0.0010988892337708148	34.47540310025215	1.2194105193110392e-07
0.0010987513871073098	69.0967787206173	1.3784666350502746e-07
0.0010986366976292305	103.62433007359505	1.1468947807929085e-07
0.0010985424253432592	138.2169153392315	9.427228597129293e-08
0.0010984686015497484	172.78908970952034	7.382379351079417e-08
0.0010984124046280702	207.3339083492756	5.619692167819698e-08
0.0010983626285530712	241.85446745157242	4.977607499898236e-08
0.0010983106475724435	276.3821824789047	5.1980980627719733e-08
0.0010982524487688546	311.02653154730797	5.819880358887142e-08
0.0010981861895504252	345.6723976433277	6.625921842944547e-08
0.0010981145827779074	380.28316551446915	7.160677251778942e-08
0.001098042621667054	414.88505548238754	7.196111085337221e-08
0.0010979752599092883	449.40529984235764	6.736175776574961e-08
0.0010979161976852469	483.9564442038536	5.9062224041410774e-08
0.0010978637331757173	518.5258245170116	5.246450952953348e-08
0.0010978127020140342	553.0469924807549	5.103116168308705e-08
0.0010977605532830471	587.6163119077682	5.214873098711298e-08
0.001097707540414458	622.3352434933186	5.3012868589082454e-08
0.0010976540887326514	656.8410185575485	5.345168180661587e-08
0.0010976009844395822	691.3776879310608	5.3104293069265035e-08
0.0010975488335147365	725.9322172999382	5.2150924845706034e-08
0.0010974986681665524	760.5321716070175	5.016534818406623e-08
0.0010974526995421229	795.0996973216534	4.5968624429529314e-08
0.00109741178240918	829.722047150135	4.091713294292025e-08
0.0010973746067225734	864.2673219740391	3.7175686606579286e-08
0.0010973394491699822	898.8462856113911	3.5157552591208105e-08
0.0010973047358253014	933.4198897480965	3.4713344680735794e-08
0.001097270341134628	967.962663680315	3.43946906734751e-08
0.0010972370819289936	1002.5014373958111	3.3259205634364464e-08
0.0010972052603585734	1037.051415503025	3.18215704201482e-08
0.0010971745687044095	1071.540069758892	3.069165416388561e-08
0.0010971440790423469	1106.0366848409176	3.048966206267191e-08
0.0010971135863444103	1140.5622973144054	3.0492697936524565e-08
0.0010970836849372144	1174.9802649915218	2.9901407195978905e-08
0.0010970549474163499	1209.4044542610645	2.8737520864482655e-08
0.0010970275612151106	1243.895710080862	2.738620123927428e-08
0.0010970021197468007	1278.327875226736	2.5441468309893647e-08
0.0010969783547709704	1312.7448503673077	2.3764975830330506e-08
0.0010969551844768782	1347.1667312681675	2.3170294092232646e-08
0.0010969315534299048	1381.6099763214588	2.3631046973393577e-08
0.0010969076114083695	1416.2154808044434	2.3942021535250033e-08
0.001096884398338966	1450.7379990816116	2.3213069403520484e-08
0.0010968624137246263	1485.1858114302158	2.198461433971892e-08
0.00109684194149778	1519.5815035104752	2.0472226846266275e-08
0.001096823344642391	1553.9738902151585	1.8596855388963718e-08
0.0010968063468690156	1588.4273737072945	1.6997773375458658e-08
0.0010967901951009793	1622.8307947814465	1.6151768036324482e-08
0.0010967742690597743	1657.203769415617	1.5926041205000657e-08
0.0010967585188229178	1691.7132541835308	1.5750236856491157e-08
0.001096743594704241	1726.3177130520344	1.492411867676756e-08
0.0010967296291330385	1760.9028796851635	1.3965571202517041e-08
0.0010967163687197398	1795.3976155817509	1.3260413298660234e-08
0.0010967035891094356	1829.8591753542423	1.2779610304236924e-08
0.0010966909012044713	1864.3224667906761	1.2687904964300487e-08
0.0010966783236885244	1898.78863504529	1.2577515946929005e-08
0.0010966663345051868	1933.246450126171	1.1989183337519221e-08
0.0010966549731756172	1967.7046964168549	1.1361329569628195e-08
0.001096643464704071	2002.143238991499	1.1508471546182661e-08
0.0010966316086142896	2036.5929819345474	1.1856089781377838e-08
0.001096620194594951	2071.014792442322	1.1414019338625708e-08
0.001096609616704933	2105.4622304439545	1.0577890018114225e-08
0.0010965994216280421	2139.8956669270992	1.0195076890779503e-08
0.0010965891808926325	2174.357418000698	1.0240735409628929e-08
0.0010965788291238563	2208.817880630493	1.0351768776157774e-08
0.00109656855350544	2243.234720289707	1.0275618416268409e-08
0.001096558852186115	2277.6345963180065	9.701319325129687e-09
0.0010965496737093412	2312.0558231770992	9.178476773757938e-09
0.001096540367658738	2346.513520091772	9.30605060307961e-09
0.001096531065931393	2380.9635704159737	9.301727345182101e-09
0.0010965221543552785	2415.4036260545254	8.91157611441519e-09
0.0010965135719049042	2449.8488689661026	8.582450374298653e-09
0.0010965051893405244	2484.2791722118855	8.382564379823612e-09
0.0010964969510359232	2518.6400340497494	8.238304601221672e-09
0.0010964892211754397	2552.9609451293945	7.729860483467188e-09
0.001096481626191177	2587.315722465515	7.594984262598165e-09
0.0010964741193949662	2621.699139326811	7.506796210901903e-09
0.0010964667738102216	2656.0421745479107	7.345584744633538e-09
0.0010964597019489295	2690.383608788252	7.071861292092321e-09
0.0010964528661870374	2724.760005056858	6.835761892079115e-09
0.0010964460062994278	2759.1245094537735	6.859887609561924e-09
0.00109643949433613	2793.4562850892544	6.511963297805082e-09
0.0010964330522368773	2827.7908087968826	6.442099252700409e-09
0.0010964265910833933	2862.1265807449818	6.4611534839834756e-09
0.0010964203572076039	2896.4929859936237	6.233875789489127e-09
0.001096414380153276	2930.825815230608	5.977054327822515e-09
0.0010964086883005677	2965.2440035641193	5.691852708340078e-09
0.0010964031021265808	2999.6197986900806	5.586173986923959e-09
0.0010963978047614194	3034.008070975542	5.297365161327852e-09
0.0010963926381651664	3068.4705151617527	5.166596253039155e-09
0.0010963875249367816	3102.8431474864483	5.1132283847548504e-09
0.0010963825236984114	3137.2736399769783	5.001238370270708e-09
0.0010963775736581422	3171.6632775068283	4.950040269173506e-09
0.0010963730824444836	3206.0674323141575	4.491213658570567e-09
0.0010963686033318722	3240.408109486103	4.479112611409722e-09
0.0010963643291866994	3274.78605017066	4.274145172771665e-09
0.0010963602041335304	3309.148101121187	4.125053169054885e-09
0.001096356264327633	3343.5467785596848	3.9398058973225125e-09
0.0010963523887852025	3377.8958083689213	3.875542430595638e-09
0.001096348671553483	3412.4501071870327	3.717231719484182e-09
0.0010963450251681725	3446.847883462906	3.6463853104497235e-09
0.001096341796845237	3481.2319291830063	3.228322935583741e-09
0.0010963386206394323	3515.570570319891	3.1762058046603397e-09
0.0010963357118923235	3549.9423109292984	2.9087471088446587e-09
0.0010963328032484532	3584.3018755614758	2.908643870246433e-09
0.0010963298756603214	3618.6909039616585	2.927588131770506e-09
0.0010963272318604297	3653.042419284582	2.6437998916842287e-09
0.0010963246760544506	3687.4591012895107	2.5558059791805365e-09
0.001096322296450446	3721.820235937834	2.379604004511607e-09
0.0010963200986369615	3756.2201394438744	2.19781348459111e-09
0.0010963179712911977	3790.5979329049587	2.1273457637398935e-09
0.001096316044723607	3824.94381454587	1.9265675907896573e-09
0.0010963139657739253	3859.316470295191	2.0789496816761566e-09
0.001096311992223809	3893.646138727665	1.9735501162986002e-09
0.0010963101191084723	3927.971525669098	1.873115336665024e-09
0.0010963085171432835	3962.3990204036236	1.6019651887574232e-09
0.0010963070511928812	3996.790407150984	1.4659504023011027e-09
0.001096305533521269	4031.117618083954	1.517671612298252e-09
0.0010963041434758688	4065.4511734247208	1.3900454001822965e-09
0.0010963028567388899	4099.781816869974	1.2867369789028998e-09
0.001096301735946305	4134.123923361301	1.120792584826183e-09
0.0010963005740527347	4168.447573244572	1.1618935702884664e-09
0.0010962994873535132	4202.8001989126205	1.0866992214940419e-09
0.0010962984636421309	4237.148197621107	1.0237113823741845e-09
0.0010962976376262725	4271.507050395012	8.260158583604099e-10
0.0010962967866808434	4305.871501863003	8.509454291379115e-10
0.0010962960437716199	4340.209631294012	7.429092235052698e-10
0.0010962951561795588	4374.545125603676	8.875920610475208e-10
0.0010962943333897228	4408.906193435192	8.227898360465419e-10
0.0010962935928259755	4443.257221341133	7.405637472614884e-10
0.0010962930254735184	4477.576756745577	5.673524571155053e-10
0.00109629252803464	4511.88439103961	4.97438878499859e-10
0.001096291904831605	4546.292346894741	6.23203034967254e-10
0.0010962908775366087	4580.679739922285	1.0272949962485817e-09
0.0010962901160866095	4615.071726113558	7.614499991908524e-10
0.0010962895147536927	4649.446284294128	6.013329168375742e-10
0.00109628883995222	4683.844012230635	6.748014727293167e-10
0.001096287956908545	4718.277380943298	8.830436748572673e-10
0.0010962871403895763	4752.655825585127	8.165189687575625e-10
0.0010962863761135937	4787.101191043854	7.642759825617768e-10
0.0010962856479153924	4821.447830438614	7.281982013912502e-10
0.0010962847486092344	4855.838860332966	8.993061579708889e-10
0.0010962839527799122	4890.137379914522	7.958293221470292e-10
0.0010962832084091723	4924.469845414162	7.443707399600041e-10
0.0010962824945284144	4958.780450314283	7.138807578931095e-10
0.001096281693594185	4993.118473082781	8.009342293124194e-10
0.0010962808937228688	5027.476204246283	7.998713163169524e-10
0.0010962802149366664	5062.04964235425	6.787862023762553e-10
0.0010962794681587795	5096.519887328148	7.467778869243991e-10
0.0010962786818202398	5130.981093972921	7.863385396381789e-10
0.0010962781820418592	5165.359558016062	4.997783805728295e-10
0.0010962775327620373	5199.735360860825	6.492798219643464e-10
0.001096277012708346	5234.146215856075	5.200536913000514e-10
0.0010962762245641158	5268.550960570574	7.88144230217877e-10
0.0010962754869933069	5302.883389770985	7.375708088990657e-10
0.0010962748073487455	5337.266690582037	6.796445613330843e-10
0.0010962742801754188	5371.6227050721645	5.27173326693442e-10
0.0010962737482242354	5406.00264236331	5.319511834061402e-10
0.0010962729422065072	5440.323553919792	8.060177282553926e-10
0.0010962723021896278	5474.6541268229485	6.400168793378735e-10
0.0010962715615151384	5508.971215307713	7.406744894061096e-10
0.001096270907048061	5543.2842283546925	6.544670775373435e-10
0.001096270227700155	5577.595848798752	6.793479058377766e-10
0.0010962695858861074	5611.949313998222	6.418140476548151e-10
0.0010962689218499157	5646.326270729303	6.640361917015919e-10
0.0010962684145142305	5680.6321657299995	5.07335685181326e-10
0.0010962677936068653	5714.937499850988	6.209073652365532e-10
0.0010962670081287658	5749.204161584377	7.854780994468596e-10
0.001096266232330707	5783.442489475012	7.757980588236207e-10
0.0010962656751866092	5817.690104812384	5.571440977840403e-10
0.0010962651165093995	5851.903033256531	5.586772097460752e-10
0.001096264615831847	5886.174996137619	5.006775525857182e-10
0.001096263774622316	5920.430444628	8.41209530852427e-10
0.0010962629536292016	5954.659310370684	8.209931144208954e-10
0.0010962623697819123	5988.897571235895	5.838472893083396e-10
0.0010962618486868203	6023.117035329342	5.210950919896928e-10
0.0010962611853224807	6057.335608035326	6.633643395877187e-10
0.0010962604673393171	6091.559102624655	7.179831635912431e-10
0.0010962597840837912	6125.821041673422	6.832555259420059e-10
0.0010962590472738578	6160.066430211067	7.368099333784905e-10
0.0010962584698034968	6194.326097339392	5.77470361026039e-10
0.001096257839369811	6228.6165525615215	6.304336857242132e-10
0.0010962571233887907	6262.882622122765	7.159810203483802e-10
0.0010962565173695143	6297.150193601847	6.060192764278938e-10
0.0010962558252000027	6331.389320015907	6.921695115940513e-10
0.001096255335219336	6365.702821701765	4.899806667173212e-10
0.001096254525119443	6399.992819398642	8.100998929831682e-10
0.001096254000883015	6434.371277660131	5.242364279223893e-10
0.001096253225905911	6468.730375647545	7.749771039743808e-10
0.001096252746456364	6502.993086397648	4.794495471211607e-10
0.0010962521957575688	6537.292726188898	5.506987951590936e-10
0.0010962516152536145	6572.183920830488	5.805039543678447e-10
0.0010962508834442763	6606.983878344297	7.318093381714769e-10
0.001096250272567416	6641.2891609966755	6.108768603810266e-10
0.0010962497133285328	6675.574681341648	5.59238883066776e-10
0.001096248939931981	6709.869087994099	7.733965518789271e-10
0.001096248326796839	6744.341316461563	6.131351420503306e-10
0.001096247818028747	6778.755375176668	5.087680918919313e-10
0.0010962473008759594	6813.130587339401	5.171527876074444e-10
0.0010962465993966468	6847.473088502884	7.014793125710572e-10
0.0010962459745741519	6881.749941557646	6.2482249495871e-10
0.0010962452692945212	6916.012701123953	7.052796307041587e-10
0.0010962447088630925	6950.337951719761	5.604314286949963e-10
0.0010962441663063722	6984.645412653685	5.425567202541753e-10
0.0010962434857989453	7018.963463783264	6.805074268846634e-10
0.001096242906871417	7055.543810755014	5.789275283121786e-10
0.00109624224104496	7090.90679526329	6.658264571201417e-10
0.0010962416525302254	7125.124998062849	5.885147345580793e-10
0.001096240933569518	7159.33413490653	7.189607073750104e-10
0.0010962403742744238	7193.543850630522	5.592950941789299e-10
0.00109623971230154	7227.734309524298	6.619728838436895e-10
0.0010962391931953052	7261.966240108013	5.191062347770919e-10
0.0010962387630990022	7296.208343952894	4.300963029734567e-10
0.0010962382124242928	7330.432758718729	5.506747093909914e-10
0.0010962372678551228	7364.666580617428	9.445691700592923e-10
0.0010962366826007346	7398.901429504156	5.852543881381539e-10
0.001096236242250542	7433.139494597912	4.403501925077935e-10
0.0010962357691098545	7467.39579719305	4.731406876533339e-10
0.0010962350347963417	7501.664567321539	7.343135127735323e-10
0.0010962341895797583	7535.903006643057	8.452165833547354e-10
0.001096233869611127	7570.126668691635	3.1996863123461006e-10
0.001096233317757553	7604.387234270573	5.518535741225183e-10
0.0010962325456809893	7638.615990191698	7.72076563706342e-10
0.0010962321388710717	7672.84525001049	4.0680991756671114e-10
0.0010962315999183702	7707.046219050884	5.389527014780515e-10
0.0010962310296208939	7741.260778784752	5.702974763439894e-10
0.001096230418319667	7775.478974014521	6.11301226869157e-10
0.001096230004651322	7809.683395266533	4.136683450211426e-10
0.0010962294083195375	7843.945719122887	5.963317845168042e-10
0.0010962289013630286	7878.178323566914	5.069565088902661e-10
0.0010962283406712279	7912.4272028803825	5.606918007140804e-10
0.0010962278285832764	7946.636229902506	5.120879514701471e-10
0.0010962270676905298	7980.929909586906	7.608927465960896e-10
0.0010962264494731471	8015.221824765205	6.182173826682624e-10
0.0010962258699077543	8049.512833237648	5.795653928563488e-10
0.001096225332603074	8083.852436512709	5.373046803487658e-10
0.001096224734253769	8118.147733986378	5.983493049990796e-10
0.0010962240719077975	8152.377795904875	6.623459714721891e-10
0.0010962234270671535	8186.594559133053	6.448406439894805e-10
0.0010962227703870612	8220.810561060905	6.566800922480631e-10
0.0010962223069034681	8255.131630122662	4.634835930848735e-10
0.0010962218119799775	8289.411021918058	4.949234906452549e-10
0.0010962213779516447	8323.747087478638	4.340283328053973e-10
0.0010962206781460569	8358.113290697336	6.998055878271875e-10
0.0010962199136033536	8392.611807525158	7.645427032351021e-10
0.001096219150533426	8427.074488550425	7.630699275576469e-10
0.001096218750044142	8461.478996127844	4.0048928409697204e-10
0.00109621815120025	8495.829464286566	5.988438920093153e-10
0.0010962174389621154	8530.20519810915	7.122381345727596e-10
0.001096216674727528	8564.533083349466	7.642345872891504e-10
0.001096216077198561	8598.899102717638	5.975289670608758e-10
0.001096215416661832	8633.25168889761	6.605367290461739e-10
0.0010962148653711117	8667.64032998681	5.51290720322492e-10
0.0010962142474185371	8701.991503089666	6.179525745275694e-10
0.0010962136266949474	8736.285358518362	6.207235897157104e-10
0.0010962128715522191	8770.57937580347	7.551427282960488e-10
0.0010962122276629402	8804.842151641846	6.438892789176892e-10
0.0010962115967300626	8839.102669537067	6.309328775579159e-10
0.001096210951581787	8873.412092208862	6.45148275730742e-10
0.0010962103518990316	8907.68161135912	5.996827552763595e-10