0.002115102002091455	0.10693368315696716	0.002115102002091455
0.002114985170197009	35.37432786822319	1.168318944457826e-07
0.0021148150459402697	70.64768955111504	1.701242567393041e-07
0.0021146841265980284	106.6810856461525	1.309193422413188e-07
0.002114564739305903	142.6954217851162	1.19387292125267e-07
0.0021144711171320976	178.87142732739449	9.362217380558605e-08
0.002114402557237639	214.84793427586555	6.855989445869043e-08
0.0021143316461816265	250.80096501111984	7.091105601233355e-08
0.002114268905100363	286.83084839582443	6.274108126352179e-08
0.002114219084941786	322.3814505338669	4.9820158577133095e-08
0.002114159127555779	357.77264937758446	5.995738600701392e-08
0.0021141068323549564	392.9978864789009	5.229520082250527e-08
0.002114053456927636	428.22824305295944	5.33754273201667e-08
0.0021139913943401967	463.72589549422264	6.206258743946327e-08
0.0021139366092269647	499.06532749533653	5.478511323200527e-08
0.0021138796149556475	534.4635216593742	5.699427131720253e-08
0.0021138235006298504	569.8388823866844	5.611432579710751e-08
0.0021137760580062265	605.1412319540977	4.744262362393198e-08
0.002113726971720711	640.435510545969	4.90862855154206e-08
0.0021136804096220326	675.8063344359398	4.656209867844041e-08
0.0021136355635852392	711.1148211359978	4.484603679339935e-08
0.0021135852906636328	746.4176967144012	5.0272921606458326e-08
0.002113536978286489	781.6329526901245	4.831237714357159e-08
0.0021134855880389903	816.7901906371117	5.1390247498856595e-08
0.002113436904030603	851.9725360274315	4.868400838714537e-08
0.0021133924686872105	887.1574956476688	4.4435343392670856e-08
0.0021133519575860893	922.5090975165367	4.051110112125722e-08
0.0021133151636608775	957.8471243679523	3.679392521173039e-08
0.0021132780195894756	993.1100900173187	3.714407140198439e-08
0.0021132445122352974	1028.3980968296528	3.3507354178178433e-08
0.002113209901861676	1063.778176754713	3.461037362132227e-08
0.0021131788366852266	1098.9806536734104	3.106517644946988e-08
0.0021131453399096845	1134.1858066916466	3.349677554212102e-08
0.0021131117510414846	1169.3758493065834	3.358886819983947e-08
0.0021130760677364638	1204.539842903614	3.5683305020864364e-08
0.0021130431369271153	1239.7827292978764	3.293080934850534e-08
0.0021130114285904753	1274.9532867372036	3.1708336639939966e-08
0.002112984572793546	1310.2203477919102	2.685579692917467e-08
0.0021129595515769844	1345.3742379546165	2.5021216561778997e-08
0.002112936964138095	1380.6165300905704	2.2587438889328654e-08
0.002112914832349769	1415.8363783061504	2.2131788326041485e-08
0.0021128925648019312	1451.073632210493	2.2267547837746815e-08
0.00211287063371479	1486.3227193653584	2.1931087141203315e-08
0.0021128487965818526	1521.5573889613152	2.1837132937411324e-08
0.0021128287665122263	1556.7957772314548	2.0030069626357505e-08
0.0021128114043189087	1591.9802406728268	1.7362193317597974e-08
0.0021127937296772895	1627.236438125372	1.7674641619204456e-08
0.0021127781612436665	1662.5615694522858	1.5568433622999145e-08
0.0021127632114831913	1697.7780283987522	1.4949760475130996e-08
0.00211274881518967	1733.566976904869	1.4396293521439646e-08
0.002112736241653932	1768.774065285921	1.2573535737754604e-08
0.0021127241836219326	1803.948729276657	1.2058031999533786e-08
0.0021127128747875455	1839.1593030393124	1.1308834387165068e-08
0.002112701375529168	1874.3688871264458	1.1499258377543203e-08
0.0021126916635608823	1909.8880842030048	9.711968285575773e-09
0.002112682198335519	1945.3697253763676	9.465225363474578e-09
0.0021126736831663085	1980.780433088541	8.515169210368545e-09
0.0021126653424152907	2015.9506848752499	8.340751017806014e-09
0.002112656887241894	2051.1921128332615	8.45517339649604e-09
0.0021126495369292175	2086.679909288883	7.3503126766551186e-09
0.0021126424470464646	2122.479022026062	7.0898827529350394e-09
0.0021126364198805715	2157.9396220445633	6.0271658931104755e-09
0.002112629051863463	2193.121965497732	7.368017108325825e-09
0.0021126219277624774	2228.3308623433113	7.12410098578295e-09
0.002112615513912456	2263.733080714941	6.4138500214042105e-09
0.0021126098389796497	2298.9939398169518	5.674932806228744e-09
0.0021126046484529317	2334.331122636795	5.190526718070604e-09
0.0021125978929965048	2369.717933267355	6.755456426893458e-09
0.002112591674507966	2405.0871963799	6.2184885387707445e-09
0.0021125864370223255	2440.4061821699142	5.237485640498252e-09
0.0021125811644231644	2475.6462408304214	5.272599161096347e-09
0.0021125764361994027	2510.8912172317505	4.728223761737288e-09
0.002112570397687224	2546.1131370663643	6.038512178566796e-09
0.0021125655586795287	2581.2990570366383	4.839007695413289e-09
0.002112561565397153	2616.4841201603413	3.993282375776286e-09
0.002112557088745075	2651.8611010313034	4.476652078113513e-09
0.0021125526136639926	2687.1784990131855	4.475081082176008e-09
0.0021125481979489573	2722.500497609377	4.415715035375328e-09
0.0021125447894272324	2757.792300850153	3.408521724850705e-09
0.002112542148013484	2793.015978574753	2.641413748318e-09
0.00211253830852237	2828.2420606911182	3.83949111393278e-09
0.0021125347863832867	2863.5041867792606	3.522139083427661e-09
0.002112532041011981	2898.835186123848	2.7453713057241924e-09
0.0021125296298816513	2934.1039566397667	2.4111303296818487e-09
0.002112527384322277	2969.341880530119	2.245559374298295e-09
0.00211252400606991	3004.5491091609	3.3782523670838893e-09
0.002112521213625133	3039.9411849975586	2.7924447771471295e-09
0.002112518843247966	3075.3202573359013	2.3703771666848394e-09
0.0021125162817729557	3110.73172724247	2.5614750103972184e-09
0.002112514596533842	3145.8482820391655	1.685239113622533e-09
0.002112511545419118	3180.978866159916	3.0511147241542302e-09
0.002112508751958217	3216.1677080392838	2.793460900964162e-09
0.002112506261080746	3251.3905589580536	2.4908774708641557e-09
0.00211250390299914	3287.1751933395863	2.3580816062816756e-09
0.0021125023915507016	3322.685246527195	1.5114484381954785e-09
0.002112499760875979	3358.0308513343334	2.630674722763765e-09
0.002112497312731745	3393.403544008732	2.448144233776345e-09
0.002112494878422795	3428.6072061359882	2.4343089501631388e-09
0.0021124925899263214	3463.869887858629	2.2884964734869173e-09
0.0021124911704269874	3499.757258206606	1.4194993340488349e-09
0.002112489046966109	3535.3424623906612	2.1234608784878595e-09
0.0021124873931246666	3570.9080923497677	1.653841442267323e-09
0.0021124845928014078	3606.1897065639496	2.800323258868309e-09
0.002112482324452091	3642.814121544361	2.2683493169743663e-09
0.0021124809174277153	3679.5394909083843	1.4070243754826794e-09
0.002112478947895253	3717.1622840464115	1.9695324624674493e-09
0.002112477369903737	3754.786812633276	1.5779915156673152e-09
0.0021124745744941008	3791.313628435135	2.7954096364080083e-09
0.0021124726674384173	3828.277310192585	1.907055683508796e-09
0.0021124713483945093	3864.897858440876	1.3190439079532879e-09
0.002112469868823393	3901.54843634367	1.4795711162328418e-09
0.002112467861760268	3937.640942722559	2.0070631250729276e-09
0.002112465752598752	3974.198021441698	2.1091615160125088e-09
0.002112464272156309	4011.238552123308	1.4804424431150154e-09
0.0021124633651007914	4047.851754695177	9.070555175016981e-10
0.00211246206783948	4084.293516486883	1.2972613113934606e-09
0.0021124600103800332	4119.609927535057	2.057459446737353e-09
0.002112458394548975	4155.935662955046	1.6158310583644364e-09
0.002112457311228814	4192.29611325264	1.0833201610077614e-09
0.0021124566520168723	4229.189368695021	6.592119415442521e-10
0.002112455144084142	4265.3577082157135	1.5079327305052292e-09
0.0021124533534738524	4300.622596681118	1.7906102893830433e-09
0.002112452388224479	4335.893515497446	9.652493734857437e-10
0.0021124515129310427	4371.332102417946	8.752934362553366e-10
0.002112450251202431	4406.683178722858	1.261728611780949e-09
0.0021124488480843456	4442.086817860603	1.403118085260835e-09
0.0021124478663892402	4477.476596921682	9.816951054147927e-10
0.002112447185639924	4512.837397485971	6.807493162924727e-10
0.0021124457789809636	4548.160705566406	1.4066589603192736e-09
0.002112444711281388	4583.4540303349495	1.0676995754535512e-09
0.002112443410023251	4618.765337765217	1.3012581372671972e-09
0.002112443083414925	4654.018204063177	3.2660832588807254e-10
0.0021124425205500496	4689.3658156096935	5.628648753683296e-10
0.002112441188186508	4724.573563247919	1.3323635415438129e-09
0.0021124404536420156	4759.790308386087	7.345444925054012e-10
0.002112439539469894	4795.087554335594	9.141721216826548e-10
0.0021124393820886483	4830.315173238516	1.5738124562250655e-10
0.0021124391892613633	4868.317924618721	1.9282728495537138e-10
0.002112437781612137	4904.148744225502	1.4076492263481732e-09
0.00211243720151103	4940.655923217535	5.801011069075934e-10
0.0021124366077784804	4976.071083664894	5.937325496703505e-10
0.002112436173306312	5011.813142001629	4.34472168311939e-10
0.0021124361192984722	5048.93447175622	5.4007839866976326e-11
0.00211243481502356	5086.259069740772	1.3042749120312225e-09
0.0021124345061463707	5123.667639344931	3.08877189450496e-10
0.0021124341337049666	5160.233290761709	3.724414041061941e-10
0.0021124337189098084	5196.487527191639	4.147951582905707e-10
0.002112433776828492	5232.919667512178	-5.791868373794529e-11