0.002030815005116965	0.10789065062999725	0.002030815005116965
0.002030628872505231	23.307455867528915	1.8613261173420353e-07
0.002030016793959817	46.40428104996681	6.120785454137578e-07
0.002029722859762146	69.56715539097786	2.939341976712119e-07
0.0020292823757154534	92.65360398590565	4.404840466924742e-07
0.0020289136647820027	115.84463375806808	3.6871093345072076e-07
0.002028643660880417	138.94528897106647	2.70003901585783e-07
0.002028407744477083	161.8602150529623	2.359164033337649e-07
0.0020280920260919676	184.9796475917101	3.1571838511558134e-07
0.002027775402068621	207.91299225389957	3.1662402334665593e-07
0.0020275340575028923	230.918291375041	2.413445657285969e-07
0.0020272472851517414	253.7963307350874	2.8677235115086644e-07
0.0020269251496030055	277.66007873415947	3.2213554873594674e-07
0.0020266301922126865	300.57087932527065	2.949573903190082e-07
0.0020263767065342676	323.83359584212303	2.534856784188952e-07
0.002026112918501758	346.75092582404613	2.63788032509385e-07
0.0020258146318270108	369.772330313921	2.982866747474472e-07
0.002025571436923223	393.0503041148186	2.431949037875851e-07
0.0020253466743235015	415.9159634709358	2.2476259972170967e-07
0.0020250939230517504	438.7351651340723	2.527512717510373e-07
0.0020248415676971166	461.7951221317053	2.523553546338042e-07
0.0020246310474977664	484.817355081439	2.1052019935022953e-07
0.0020243921818233856	507.8164495676756	2.3886567438076434e-07
0.0020241504884397836	531.639297991991	2.4169338360205406e-07
0.0020239350592871925	554.6592196822166	2.1542915259109216e-07
0.002023714575976425	577.6743302792311	2.2048331076727004e-07
0.0020234892349465165	600.5771832466125	2.2534102990870442e-07
0.0020232937181486428	623.5328669548035	1.9551679787373558e-07
0.0020231014327898684	646.5482915788889	1.9228535877435782e-07
0.002022897507775053	669.4472161531448	2.0392501481544811e-07
0.002022710696851807	692.3976903110743	1.8681092324576362e-07
0.002022518890653207	715.2518473863602	1.9180619860014597e-07
0.002022319012002248	738.2916520833969	1.9987865095905458e-07
0.0020221368512638167	762.8441484123468	1.8216073843129246e-07
0.0020219518613769933	787.750158265233	1.849898868234133e-07
0.0020217690165938037	812.2631144672632	1.8284478318962918e-07
0.0020215988552455487	835.2081169337034	1.701613482549269e-07
0.0020214215389616325	858.2296642661095	1.7731628391623455e-07
0.002021254190081461	881.2442909479141	1.673488801714161e-07
0.0020210920658488784	904.2719048559666	1.6212423258272005e-07
0.002020928072998202	927.3410721570253	1.6399285067631234e-07
0.002020774759961964	950.3008036911488	1.5331303623812229e-07
0.002020619283367448	973.3760090768337	1.5547659451596932e-07
0.002020478251346495	996.3379629999399	1.4103202095310657e-07
0.002020336370750288	1019.3662677556276	1.4188059620700785e-07
0.002020171206172223	1042.2727551609278	1.6516457806503917e-07
0.002020035894489737	1065.6925415694714	1.353116824858759e-07
0.002019894230830875	1088.6330638378859	1.4166365886175009e-07
0.0020197446685377048	1112.1438110768795	1.4956229317042782e-07
0.0020196207990177298	1135.1090118736029	1.2386951997499576e-07
0.0020194831882500985	1158.0222844183445	1.3761076763122923e-07
0.002019353559918298	1181.0975006967783	1.2962833180040628e-07
0.0020192325322613536	1203.9641140252352	1.2102765694450499e-07
0.0020191009039948206	1226.9399661421776	1.3162826653298487e-07
0.0020189811349602444	1249.9249204546213	1.1976903457628502e-07
0.002018863434443384	1272.9748308211565	1.1770051686023006e-07
0.002018741066552321	1296.1347980499268	1.2236789106306878e-07
0.0020186292656868255	1319.169623747468	1.1180086549556975e-07
0.00201852123365683	1342.1592198461294	1.080320299953752e-07
0.0020184059389137983	1365.554117679596	1.1529474303181506e-07
0.00201830439634915	1389.6020051836967	1.0154256464833811e-07
0.0020182006132551666	1412.7523322701454	1.0378309398331731e-07
0.0020180962938240806	1436.8369731605053	1.0431943108608552e-07
0.0020179942903215307	1459.8388926386833	1.0200350254990082e-07
0.0020179019866113524	1482.9051993787289	9.230371017824798e-08
0.0020178043898933682	1506.0420975983143	9.759671798417052e-08
0.0020177092517000886	1529.1598048955202	9.513819327960568e-08
0.002017616053478248	1552.120256215334	9.319822184047227e-08
0.0020175311375279273	1575.9360234737396	8.491595032081994e-08
0.002017444082065695	1599.5132072418928	8.705546223220645e-08
0.002017358164243517	1622.9231027066708	8.591782217799715e-08
0.002017269114090427	1646.087267830968	8.905015309000619e-08
0.002017185909749197	1669.1622103601694	8.320434123024883e-08
0.0020171056207020795	1692.2030137479305	8.028904711736284e-08
0.00201702873994415	1715.6414884775877	7.688075792959201e-08
0.0020169513155606556	1738.9887717962265	7.74243834942949e-08
0.0020168709054567587	1762.386120185256	8.04101038969808e-08
0.0020167912267530347	1785.9281241297722	7.967870372391564e-08
0.0020167132757754817	1809.3583312630653	7.795097755301794e-08
0.0020166423518384567	1832.661683484912	7.09239370249963e-08
0.0020165707815242057	1855.7297213375568	7.157031425104529e-08
0.0020165001919636347	1878.6361991912127	7.058956057095361e-08
0.0020164236255506905	1901.661855250597	7.656641294422062e-08
0.0020163494506313813	1924.6829737573862	7.417491930915288e-08
0.002016280994145154	1947.8512541651726	6.845648622749376e-08
0.0020162143682089352	1970.914503827691	6.662593621861029e-08
0.0020161498840720253	1994.6987544447184	6.448413690995566e-08
0.002016078219070134	2017.849375963211	7.166500189115244e-08
0.0020160094999005793	2040.9833644032478	6.871916955484073e-08
0.0020159421619202057	2064.1680604070425	6.733798037358504e-08
0.002015881620655315	2087.151528850198	6.054126489062409e-08
0.002015820518839902	2110.184387087822	6.110181541328988e-08
0.0020157551788802415	2133.3356322944164	6.533995966029674e-08
0.0020156896369678628	2156.4120120555162	6.554191237873389e-08
0.002015626151205998	2179.332219824195	6.348576186455956e-08
0.0020155705988912985	2202.463638558984	5.555231469972499e-08
0.002015511980564351	2225.4306908398867	5.861832694763203e-08
0.002015453738383956	2248.578006774187	5.824218039492471e-08
0.0020153914821589426	2271.5796917527914	6.225622501332059e-08
0.0020153322831687297	2294.6434649676085	5.919899021293237e-08
0.0020152779878740887	2317.9085577875376	5.429529464093599e-08
0.0020152245520592637	2340.9610668718815	5.34358148250591e-08
0.002015174739773891	2363.9061416834593	4.981228537287441e-08
0.0020151158578302513	2387.0010499060154	5.88819436394758e-08
0.0020150601241131767	2410.0562622994184	5.573371707461722e-08
0.0020150056585250087	2433.1400367617607	5.4465588168045587e-08
0.002014957886374773	2456.227586135268	4.777215023565873e-08
0.0020149091843665143	2479.234378516674	4.870200825870391e-08
0.0020148573083739823	2502.8932491391897	5.1875992532028625e-08
0.002014805394625302	2526.2836388349533	5.191374868006304e-08
0.002014752551116827	2549.439479738474	5.284350847525876e-08
0.00201470831102439	2572.166277527809	4.42400924370763e-08
0.002014661783281186	2595.026226878166	4.652774320381206e-08
0.002014617282013396	2618.039975106716	4.4501267790122284e-08
0.002014566528864875	2640.718648299575	5.075314852111615e-08
0.0020145175270293056	2663.5777181833982	4.900183556925258e-08
0.0020144737359101598	2687.97246812284	4.379111914580569e-08
0.0020144296048913747	2712.3473919183016	4.413101878505618e-08
0.002014390827963689	2736.9842844456434	3.8776927685762325e-08
0.0020143457907507113	2761.501651003957	4.503721297765759e-08
0.0020143018883801715	2786.0005756914616	4.390237053975357e-08
0.0020142540425178153	2810.622702166438	4.784586235626748e-08
0.002014214021314002	2835.096997320652	4.002120381320709e-08
0.002014176927431295	2859.4459373652935	3.70938827072044e-08
0.002014138046191674	2883.924603149295	3.8881239620720126e-08
0.0020140969902025683	2908.0750539898872	4.105598910581626e-08
0.002014051214915004	2930.8457870334387	4.5775287564348704e-08
0.002014014963370063	2953.511580169201	3.6251544940826136e-08
0.0020139768910671174	2976.39360794425	3.807230294569641e-08
0.002013943431429508	2999.2103022933006	3.34596376096348e-08
0.002013903519834849	3022.1900058686733	3.991159465898883e-08
0.002013864147069095	3044.9280734807253	3.937276575388324e-08
0.00201382618394251	3067.67317686975	3.796312658503609e-08
0.002013791632469721	3090.6076193004847	3.455147278876025e-08
0.0020137613993466016	3113.387238651514	3.023312311958848e-08
0.002013725846575521	3136.0835874825716	3.555277108043681e-08
0.002013691270539028	3158.9629507362843	3.45760364931294e-08
0.002013651661094741	3181.7943371981382	3.960944428699209e-08
0.002013620007986249	3204.5314349383116	3.165310849193026e-08
0.0020135881054871335	3227.329585030675	3.1902499115533944e-08
0.002013559720491845	3250.0321187227964	2.8384995288694564e-08
0.002013529541184557	3272.985526561737	3.017930728802312e-08
0.0020134921495598007	3295.715890586376	3.739162475610222e-08
0.0020134600673193566	3318.5210175067186	3.2082240444125665e-08
0.002013428073268777	3341.421970874071	3.199405057942653e-08
0.0020134046866269826	3364.3742796182632	2.3386641794572588e-08
0.002013372286382964	3387.3806130588055	3.2400244018553764e-08
0.002013341575878055	3410.4913903325796	3.071050490906918e-08
0.0020133078317096462	3433.375871643424	3.374416840873015e-08
0.0020132800697567617	3456.3549650758505	2.7761952884567537e-08
0.0020132542722034403	3479.101097494364	2.5797553321414007e-08
0.0020132259222589723	3502.120859220624	2.8349944467941784e-08
0.002013198496185551	3525.465466350317	2.742607342143613e-08
0.002013164200456453	3548.5475271195173	3.429572909777884e-08
0.002013137269232674	3571.7728554457426	2.693122377927029e-08
0.002013108611643355	3594.9337654560804	2.8657589318942245e-08
0.002013085458645884	3618.2487615793943	2.3152997471066056e-08
0.002013059827667569	3641.2780502587557	2.5630978315021452e-08
0.002013031438678831	3664.3579780310392	2.8388988737929055e-08
0.0020130006720827124	3687.4646691828966	3.076659611843738e-08
0.0020129702918967006	3710.8339885026217	3.03801860118344e-08
0.0020129474960138313	3734.438070073724	2.279588286928716e-08
0.002012923586960221	3757.9277230501175	2.3909053610202124e-08
0.0020129005391479114	3781.3718173354864	2.3047812309703875e-08
0.002012868491275549	3804.7568583488464	3.204787236239445e-08
0.00201284059510204	3827.914282038808	2.789617350919954e-08
0.0020128160541946277	3850.9599481523037	2.4540907412121116e-08
0.00201279454519458	3874.317051574588	2.1509000047627985e-08
0.0020127702372492447	3897.9307719022036	2.4307945335408365e-08
0.0020127398569343884	3921.082913130522	3.038031485625217e-08
0.0020127150199490606	3944.6121142804623	2.4836985327778005e-08
0.0020126896133575325	3967.9550525844097	2.540659152809252e-08
0.002012671328524595	3991.1535970270634	1.828483293768446e-08
0.0020126459031725684	4014.363439977169	2.5425352026455655e-08
0.002012620823935755	4037.583004102111	2.507923681357646e-08
0.0020125930452433733	4060.7774172127247	2.77786923815089e-08
0.0020125694337744587	4083.945435926318	2.3611468914601363e-08
0.002012550222125402	4107.464364081621	1.9211649056761343e-08
0.0020125280185140262	4131.574023798108	2.22036113757193e-08
0.002012507174223915	4154.625954985619	2.0844290111229208e-08
0.002012477586985835	4177.853332325816	2.9587238080126116e-08
0.002012455371345209	4201.6477911919355	2.221564062571124e-08
0.0020124329647297668	4224.861247301102	2.2406615442401023e-08
0.0020124148276586627	4247.928475514054	1.8137071104099706e-08
0.002012393644250917	4271.136884242296	2.1183407745810345e-08
0.0020123689227076387	4294.472848981619	2.4721543278195118e-08
0.0020123451670359827	4317.472924366593	2.3755671655929095e-08
0.002012322449713095	4340.554819330573	2.271732288785036e-08
0.0020123053938874143	4363.624840170145	1.705582568060915e-08
0.002012286282392061	4386.667947173119	1.9111495353288377e-08
0.0020122675818886725	4409.792819693685	1.870050338843507e-08
0.0020122431955852927	4432.79659871757	2.438630337985373e-08
0.002012219383139321	4455.826937362552	2.3812445971646556e-08
0.0020122005041248265	4479.0060934871435	1.8879014494505714e-08
0.0020121827865900092	4502.113403365016	1.771753481731239e-08
0.002012168029109054	4525.1564057171345	1.4757480955134017e-08
0.0020121450921195432	4548.1637585014105	2.2936989510849437e-08
0.0020121234010837485	4571.595822900534	2.16910357947811e-08
0.0020121006177673526	4594.864450514317	2.278331639581771e-08
0.0020120858284609867	4617.83906430006	1.4789306365930316e-08
0.0020120698603605424	4640.761804744601	1.5968100444338496e-08
0.0020120508927936077	4663.749472796917	1.8967566934625923e-08
0.0020120288798363326	4686.6531752198935	2.201295727513944e-08
0.002012007531516131	4709.736643731594	2.134832020146346e-08
0.002011993973370057	4732.554118141532	1.3558146074160032e-08
0.0020119772587560906	4755.762086883187	1.671461396634405e-08
0.0020119615603325313	4778.879834681749	1.5698423559348806e-08
0.002011939449795882	4802.622571706772	2.2110536649407736e-08
0.002011920739540015	4826.924349784851	1.8710255866773856e-08
0.0020119042370279503	4849.925092115998	1.650251206476369e-08
0.002011890236066587	4872.969729021192	1.4000961363370978e-08
0.0020118778063693446	4895.963637366891	1.2429697242386656e-08
0.0020118580338518827	4919.8517853319645	1.9772517461866257e-08
0.002011838970641006	4942.643170326948	1.906321087661103e-08
0.002011819991939524	4965.590443789959	1.897870148190317e-08
0.0020118083926635635	4988.434840723872	1.1599275960734456e-08
0.002011794714896929	5011.488350838423	1.367776663457887e-08
0.002011780004578293	5034.8734084665775	1.471031863594513e-08
0.002011761225582213	5058.902483388782	1.8778996079948235e-08
0.0020117422078567908	5082.160214781761	1.9017725422232346e-08
0.0020117301026163644	5105.142391771078	1.2105240426371622e-08
0.002011716645653502	5128.306613519788	1.3456962862177374e-08
0.002011705756841836	5151.97976142168	1.0888811666134174e-08
0.002011685158745459	5174.881371349096	2.0598096376993336e-08
0.0020116695749701308	5198.010695755482	1.5583775328335825e-08
0.0020116549555549137	5221.172803848982	1.4619415217038273e-08
0.002011644178034886	5244.13461022079	1.0777520027902693e-08
0.0020116328275961645	5269.247772067785	1.1350438721292183e-08
0.0020116173053843526	5292.248694658279	1.5522211811898334e-08
0.002011602388548661	5315.582963094115	1.4916835691571734e-08
0.0020115843593760097	5338.592653900385	1.8029172651340408e-08
0.002011574481784759	5361.515206068754	9.877591250571222e-09
0.0020115633890106224	5384.613917633891	1.1092774136745032e-08
0.0020115551636045287	5407.981407374144	8.225406093655824e-09
0.0020115390695750464	5431.4215927273035	1.6094029482369154e-08
0.0020115223381941944	5454.412375554442	1.6731380851967015e-08
0.0020115102484578266	5477.452542036772	1.2089736367831144e-08
0.0020115006142776976	5500.371413812041	9.634180129017289e-09
0.00201149260527972	5523.350365623832	8.008997977402427e-09
0.0020114781874297073	5546.645580217242	1.4417850012840572e-08
0.002011464927931063	5571.424524053931	1.3259498644457163e-08
0.002011450347614048	5595.247338205576	1.4580317014931815e-08
0.00201144317025952	5618.217712774873	7.177354527983931e-09
0.002011434754233253	5641.264814555645	8.416026266947624e-09
0.0020114245794297303	5664.445915579796	1.0174803522725734e-08
0.002011409989350617	5687.747695222497	1.4590079113179638e-08
0.0020113958463855762	5710.724279269576	1.4142965040851024e-08
0.0020113895211381298	5733.863516315818	6.325247446474502e-09
0.002011379844916226	5756.871474578977	9.676221903592852e-09
0.002011374185573236	5779.921191960573	5.659342990332189e-09
0.002011359563017665	5803.168381720781	1.4622555570900642e-08
0.00201134866275478	5826.236675098538	1.0900262885013556e-08
0.002011336845914414	5849.674358651042	1.1816840366028064e-08
0.002011330613642331	5872.6626344025135	6.232272082955237e-09
0.002011324844783754	5895.865514904261	5.7688585770356016e-09
0.0020113136964136284	5919.212763950229	1.1148370125495244e-08
0.002011302145053351	5942.273760467768	1.1551360277594486e-08
0.002011290268332844	5965.426827639341	1.1876720506804467e-08
0.0020112855292934778	5988.664019674063	4.739039366225689e-09
0.00201127799691008	6011.76037068665	7.532383397568232e-09
0.002011272180831238	6035.55747410655	5.816078842060118e-09
0.0020112618648954876	6058.57673715055	1.031593575059192e-08
0.0020112505517316664	6081.7768376767635	1.1313163821111832e-08
0.002011241826239299	6104.876704186201	8.725492367262638e-09
0.00201123594221652	6128.408185362816	5.884022778995107e-09
0.0020112336502265955	6151.814412370324	2.2919899246749698e-09
0.0020112264586854677	6174.941050633788	7.191541127795492e-09
0.002011217437336987	6198.078222617507	9.021348480742208e-09
0.0020112055993627242	6221.103767558932	1.183797426274405e-08
0.002011200732548372	6244.2250119149685	4.866814352130072e-09
0.002011196749393159	6267.391726791859	3.98315521321288e-09
0.0020111935784422543	6290.584121957421	3.170950904629599e-09
0.002011186105059327	6313.716148883104	7.473382927260241e-09
0.00201117411360796	6338.008968114853	1.1991451367033418e-08
0.002011169747918508	6361.060706615448	4.365689451873295e-09
0.0020111652992742205	6384.509255051613	4.448644287582265e-09
0.002011164767923954	6407.61612907052	5.31350266303604e-10
0.0020111529285743368	6430.657082274556	1.1839349617435296e-08
0.0020111460737748956	6453.674962177873	6.854799441177034e-09
0.0020111402988560426	6476.6694793105125	5.774918853014566e-09
0.00201113791065967	6499.932778984308	2.388196372431206e-09
0.0020111345324165092	6523.369289770722	3.3782431609064023e-09
0.002011127539570457	6546.278936654329	6.992846052211732e-09
0.002011121185387246	6569.347407445312	6.354183210849351e-09
0.002011111951055679	6592.91203789413	9.234331567204573e-09
0.0020111090832270937	6617.017061620951	2.867828585283866e-09
0.0020111065205482867	6640.0157109797	2.562678807008223e-09
0.002011105405261169	6663.200618699193	1.1152871178671253e-09
0.002011098987590014	6686.260160535574	6.417671154917981e-09
0.0020110892691369646	6709.414406239986	9.71845304925667e-09
0.0020110836072523455	6732.33357565105	5.661884619131974e-09
0.0020110798629097027	6755.217729628086	3.74434264279952e-09
0.002011079648827473	6778.411026328802	2.1408222980814906e-10
0.002011074887698704	6801.745042487979	4.761128769015244e-09
0.002011067963356717	6824.952813908458	6.924341986944138e-09
0.0020110586592837357	6848.152722030878	9.304072981237282e-09
0.0020110571789616794	6871.2806173712015	1.4803220563415487e-09
0.002011056646132154	6894.2255105525255	5.328295252932103e-10
0.002011053344920406	6917.598553493619	3.3012117479740144e-09
0.002011045280554638	6940.584670126438	8.064365768049864e-09
0.0020110368650518864	6963.5508497953415	8.415502751688703e-09
0.0020110372861764556	6986.72563906014	-4.211245692442578e-10