0.002077979699336918	0.11558133363723755	0.002077979699336918
0.0020778762477286967	36.6027235686779	1.0345160822130064e-07
0.0020777421347402104	73.01100534200668	1.3411298848634706e-07
0.0020776149332535814	109.49213886260986	1.2720148662897016e-07
0.002077495459593473	145.9946620464325	1.1947366010834487e-07
0.002077385140895818	182.42349168658257	1.1031869765485217e-07
0.0020772857854057026	218.87936562299728	9.935549011557548e-08
0.0020771988398117893	255.30779311060905	8.694559391333664e-08
0.0020771228291481167	291.7570791244507	7.601066367253148e-08
0.0020770519316268415	328.1740332245827	7.089752127520041e-08
0.002076984575861051	364.64712753891945	6.735576579038755e-08
0.0020769212915665402	400.96179887652397	6.328429451090897e-08
0.0020768613355881035	437.37103486061096	5.9955978436773e-08
0.002076803568740763	473.69118133187294	5.776684734032367e-08
0.0020767490237819605	510.0280045568943	5.454495880267626e-08
0.002076697418584945	546.3347957134247	5.160519701537594e-08
0.0020766471897252984	582.7316198647022	5.022885964664839e-08
0.002076597646684831	619.1200877726078	4.9543040467423666e-08
0.0020765476198612177	655.8043881952763	5.0026823613345817e-08
0.002076496289006804	692.2164432108402	5.133085441378846e-08
0.002076444996880475	728.6936355829239	5.1292126328813387e-08
0.002076395137320479	765.0828367173672	4.985955999589273e-08
0.002076346576531678	801.5074666142464	4.8560788801135096e-08
0.002076298711916725	838.0051056444645	4.786461495296518e-08
0.002076250866598364	874.4036073386669	4.784531836129688e-08
0.0020762043035382574	910.7117870151997	4.6563060106426246e-08
0.002076157900800024	947.0440575182438	4.6402738233461416e-08
0.0020761102772018625	983.346237540245	4.762359816137124e-08
0.0020760628066887137	1019.852737903595	4.747051314882289e-08
0.002076018753754784	1056.3214178085327	4.40529339296343e-08
0.0020759755999815157	1092.8427024781704	4.3153773268342355e-08
0.0020759349824977943	1129.2215483486652	4.0617483721468867e-08
0.0020758969719007134	1165.6946365237236	3.801059708088625e-08
0.0020758596331802263	1201.9652825593948	3.733872048702902e-08
0.002075823176787636	1238.2483181357384	3.6456392590519804e-08
0.002075787514561793	1274.560991793871	3.566222584296466e-08
0.0020757510589234805	1310.795881807804	3.645563831236945e-08
0.0020757132518307102	1347.1616384983063	3.7807092770261036e-08
0.002075676495861123	1383.3238817155361	3.675596958740979e-08
0.0020756388094124493	1419.5953145623207	3.7686448673551753e-08
0.0020756028168884486	1455.8868353068829	3.599252400071293e-08
0.0020755690635728347	1492.254519879818	3.3753315613858914e-08
0.002075535124958711	1528.5205182731152	3.3938614123901756e-08
0.00207550328013268	1564.7784960567951	3.184482603090996e-08
0.002075473027884416	1601.1604904830456	3.025224826376516e-08
0.002075442499711856	1637.4466902911663	3.0528172560197187e-08
0.0020754125551324487	1673.8075267672539	2.9944579407227556e-08
0.00207538322964902	1710.0776956379414	2.9325483428752075e-08
0.0020753539720032316	1746.4900754392147	2.925764578829912e-08
0.0020753256013404226	1782.7938895821571	2.8370662809047015e-08
0.0020752978554685235	1819.1604330539703	2.7745871899065994e-08
0.0020752713749333865	1855.4380475878716	2.6480535137048122e-08
0.0020752467892249777	1891.6661018431187	2.458570840880095e-08
0.002075222448928637	1927.8316996991634	2.434029634052967e-08
0.0020751976909678936	1964.0834137797356	2.4757960743592572e-08
0.0020751745935992053	2000.2130776643753	2.3097368688235892e-08
0.0020751503959232065	2036.4008291065693	2.4197675998777896e-08
0.0020751279015292384	2072.70494055748	2.249439396816849e-08
0.0020751050618264145	2109.0253322422504	2.2839702823896496e-08
0.0020750843946469263	2145.386033862829	2.066717948818672e-08
0.0020750627852332893	2181.6961023807526	2.160941363696378e-08
0.0020750439820666645	2218.07297873497	1.8803166624854067e-08
0.0020750245137258093	2254.44188991189	1.94683408552207e-08
0.0020750055258367647	2290.7175684273243	1.898788904450624e-08
0.0020749873060251253	2327.3497954308987	1.821981163944303e-08
0.002074969774717664	2363.5752954781055	1.753130746129372e-08
0.0020749523625350603	2399.8017187714577	1.7412182603745996e-08
0.0020749361165283147	2436.1007657945156	1.6246006745608554e-08
0.0020749198301402826	2472.264827609062	1.628638803203089e-08
0.002074905062875414	2508.5584625303745	1.4767264868830593e-08
0.002074889313617501	2544.702717900276	1.5749257913002385e-08
0.002074875249618159	2580.954563200474	1.4063999341853983e-08
0.002074861092184024	2617.0943133831024	1.4157434134742797e-08
0.002074847918050047	2653.377359777689	1.3174133977299218e-08
0.0020748340808061008	2689.572166800499	1.3837243946143718e-08
0.002074821608421859	2725.7364946603775	1.2472384241721257e-08
0.0020748081187636717	2762.129909604788	1.3489658187357256e-08
0.0020747967709161203	2798.4942232966423	1.134784755139201e-08
0.002074784456875308	2834.8784960210323	1.2314040812207161e-08
0.0020747723871456674	2871.170585423708	1.206972964065342e-08
0.0020747611930291288	2907.447163283825	1.1194116538663229e-08
0.002074749790361295	2943.6757076382637	1.140266783382013e-08
0.002074738271182702	2979.8553171753883	1.1519178592760138e-08
0.002074727675905702	3016.1310790479183	1.0595277000376158e-08
0.002074716975230233	3052.3059629797935	1.0700675468974796e-08
0.0020747064179175694	3088.4997265040874	1.0557312663406898e-08
0.002074695300492472	3124.745641350746	1.1117425097271344e-08
0.002074685661347033	3160.983347117901	9.63914543929828e-09
0.0020746747796539446	3197.0567243099213	1.0881693088271582e-08
0.002074664870118602	3233.2599652409554	9.90953534247413e-09
0.002074654201247323	3269.3529306948185	1.0668871279050779e-08
0.002074644795439086	3305.704907029867	9.405808236873786e-09
0.0020746345839505373	3342.057181060314	1.0211488548836356e-08
0.002074625298944264	3378.422242283821	9.285006273389296e-09
0.0020746154416222307	3414.5572853684425	9.85732203327705e-09
0.002074606559397074	3450.966024696827	8.882225156769952e-09
0.002074596810398047	3487.2302807867527	9.748999026896327e-09
0.0020745880290513764	3523.33050891757	8.781346670649892e-09
0.002074578708847748	3559.515525341034	9.320203628402496e-09
0.0020745706807082467	3595.8473702967167	8.028139501271847e-09
0.0020745618744085472	3632.5127781927586	8.806299699442438e-09
0.002074553932902027	3669.0307894051075	7.94150652010106e-09
0.0020745451925462725	3705.5256166756153	8.740355754693202e-09
0.0020745378343804475	3742.1900873482227	7.358165824908336e-09
0.002074529829112107	3778.5983444452286	8.005268340577354e-09
0.002074522692990748	3814.9698345661163	7.136121358761183e-09
0.0020745145834186766	3851.5312301516533	8.109572071594157e-09
0.0020745085896660994	3887.9785283505917	5.993752577159589e-09
0.002074500578727832	3924.308290809393	8.01093826734503e-09
0.0020744944284548906	3960.6243121027946	6.1502729415373325e-09
0.00207448741436721	3997.055250376463	7.014087680459746e-09
0.002074481857514855	4033.5648478269577	5.5568523549959226e-09
0.0020744746092218034	4070.180392086506	7.248293051702326e-09
0.002074469215332291	4106.664474725723	5.393889512556732e-09
0.0020744636747632304	4143.154941380024	5.54056906040476e-09
0.002074457823666993	4179.589791893959	5.8510962372936015e-09
0.0020744518753911603	4216.136436194181	5.9482758328274765e-09
0.002074447537946576	4252.557508558035	4.3374445844908405e-09
0.002074442263076567	4289.0224449932575	5.2748700086688305e-09
0.002074436634827108	4325.410428375006	5.628249459370405e-09
0.002074432962526513	4361.807828396559	3.6723005946912024e-09
0.002074427365649473	4398.246636778116	5.596877039951154e-09
0.002074423699069875	4435.359930962324	3.6665795980980742e-09
0.0020744195008760816	4471.8931384682655	4.19819379347125e-09
0.002074415287846796	4508.260053277016	4.213029285680958e-09
0.0020744113952596253	4544.781900882721	3.892587170564038e-09
0.002074408209729997	4581.375817447901	3.1855296282745638e-09
0.002074404535144437	4617.882298201323	3.674585559877014e-09
0.0020744014126155607	4654.249831587076	3.1225288765236725e-09
0.002074398576687287	4690.624734580517	2.835928273464683e-09
0.002074395829662842	4727.082884311676	2.747024445155094e-09
0.0020743928466902917	4763.426272690296	2.9829725503929816e-09
0.0020743909876662857	4799.730217456818	1.8590240059151997e-09
0.0020743881584679527	4836.140533447266	2.8291983330749892e-09
0.002074386369144551	4872.541467696428	1.7893234016859438e-09
0.002074383912274621	4909.0121112167835	2.456869930157063e-09
0.0020743825388578096	4945.383640110493	1.3734168112684852e-09
0.002074380636405427	4981.767435789108	1.9024523826953466e-09
0.0020743794057964454	5018.094539672136	1.2306089814707877e-09
0.0020743774893209623	5054.875108718872	1.916475483084573e-09
0.0020743772565692807	5091.285347491503	2.3275168164332838e-10
0.0020743754382227544	5127.708911538124	1.818346526301362e-09
0.002074374671576031	5164.104120224714	7.666467235351027e-10
0.0020743733053274786	5200.605485260487	1.3662485522265844e-09
0.0020743728379169746	5238.482097774744	4.67410503964677e-10
0.0020743717606123073	5275.242192924023	1.0773046673490105e-09
0.002074371701881289	5311.72809818387	5.873101831255223e-11
0.002074370368107729	5348.284042418003	1.3337735599132372e-09
0.0020743697322784995	5384.7398718595505	6.358292295449708e-10
0.0020743689080260966	5421.28715378046	8.242524028763409e-10
0.0020743688273615188	5458.879035800695	8.066457788183379e-11
0.0020743681952507193	5495.612843453884	6.321107994672337e-10
0.0020743673407107514	5532.409982770681	8.545399678670795e-10
0.0020743665276928944	5569.140775442123	8.130178570306401e-10
0.002074365522388101	5606.606999784708	1.0053047934041603e-09
0.0020743644962036086	5646.113868176937	1.0261844924155938e-09
0.002074363725104215	5685.531487822533	7.710993935386434e-10
0.0020743633620489126	5725.03780323267	3.6305530240129946e-10
0.0020743622971522483	5764.491585552692	1.0648966643385382e-09
0.0020743606189757855	5803.908933490515	1.6781764628111262e-09
0.002074359659653717	5843.309093624353	9.59322068398022e-10
0.002074359132359227	5882.787964046001	5.27294490189345e-10
0.0020743580846960524	5922.277104705572	1.0476631745297282e-09
0.0020743567567460073	5961.817409217358	1.3279500450658066e-09
0.002074355902488565	6001.283841073513	8.542574421281646e-10
0.002074355039016593	6040.6941404640675	8.634719723087103e-10
0.002074354463970736	6080.176905065775	5.750458568522243e-10
0.0020743538169565997	6119.558225214481	6.470141362784065e-10
0.0020743525995646165	6158.964376926422	1.2173919832283997e-09
0.0020743522311597916	6198.528564661741	3.684048248756011e-10
0.0020743502710731145	6238.000867664814	1.960086677167683e-09
0.002074350660328775	6277.445380061865	-3.8925566069047957e-10