0.0006879408095206332	0.12094643712043762	0.0006879408095206332
0.0006878413733037676	39.06587129831314	9.943621686562144e-08
0.0006877466181588438	78.00390854477882	9.475514492376762e-08
0.0006876867612237461	116.84329256415367	5.985693509770462e-08
0.0006876499315103539	155.7336678802967	3.6829713392200723e-08
0.0006876291597132941	194.57084727287292	2.0771797059845366e-08
0.0006876145959726397	233.50688034296036	1.4563740654313477e-08
0.0006875931116494041	272.3726083934307	2.1484323235601913e-08
0.0006875635323743625	311.1627089083195	2.9579275041694345e-08
0.0006875315733332312	350.0567379593849	3.195904113128655e-08
0.0006875016434234519	388.88717246055603	2.992990977930196e-08
0.0006874749270111966	427.8905192017555	2.671641225523297e-08
0.0006874510305389897	466.8230355978012	2.38964722069435e-08
0.0006874306374657239	505.71040827035904	2.0393073265766344e-08
0.0006874152767916058	544.5728324651718	1.5360674118086726e-08
0.0006874045620461241	583.4162673652172	1.0714745481707824e-08
0.0006873952146855961	622.2809012830257	9.3473605280699e-09
0.0006873838942432524	661.093830794096	1.1320442343623095e-08
0.0006873702784346991	699.9323379099369	1.3615808553335204e-08
0.0006873544463796412	738.7303854227066	1.583205505790216e-08
0.0006873368782043467	777.5628716647625	1.7568175294515806e-08
0.0006873194541155376	816.4968937933445	1.7424088809042844e-08
0.0006873039976202687	855.516254901886	1.5456495268905378e-08
0.0006872902505901161	894.4075439870358	1.3747030152676948e-08
0.0006872771573581659	933.3373172581196	1.3093231950142732e-08
0.0006872645843450692	972.2959664463997	1.2573013096687895e-08
0.0006872528521648694	1011.1805810928345	1.1732180199780853e-08
0.0006872424136062219	1050.043852955103	1.0438558647562872e-08
0.0006872330158536897	1088.9483866095543	9.397752532224433e-09
0.0006872242067325325	1127.8286347389221	8.809121157136654e-09
0.0006872160029972774	1166.6781859695911	8.203735255138053e-09
0.0006872079678987139	1205.5242419838905	8.035098563504567e-09
0.000687199914926874	1244.4164094626904	8.052971839931158e-09
0.0006871921072391463	1283.3401218652725	7.807687727682394e-09
0.0006871846243298032	1322.1460259258747	7.482909343049272e-09
0.0006871779506997187	1360.9848355352879	6.673630084533602e-09
0.000687171921218474	1399.8370866179466	6.029481244688474e-09
0.0006871655590400175	1438.7503634691238	6.362178456482438e-09
0.0006871589551775558	1477.6539345383644	6.603862461756517e-09
0.000687152936067723	1516.5200114548206	6.01910983273439e-09
0.0006871476609774966	1555.5183212161064	5.275090226393095e-09
0.0006871430652493194	1594.4048716425896	4.5957281772463984e-09
0.000687138727595744	1633.2661055624485	4.337653575410029e-09
0.0006871345088023404	1672.1162467002869	4.218793403596571e-09
0.0006871296080128088	1710.9493822157383	4.900789531570721e-09
0.0006871251097933335	1749.7647683918476	4.498219475287252e-09
0.0006871216764263955	1788.6184209287167	3.4333669379771337e-09
0.00068711808059182	1827.4719057381153	3.5958345755192703e-09
0.0006871138846622575	1866.2889777719975	4.195929562567785e-09
0.0006871096642002451	1905.1832075119019	4.22046201231565e-09
0.0006871056624330007	1944.086482256651	4.001767244399962e-09
0.0006871022318819557	1983.0278004705906	3.4305510450589882e-09
0.0006870993994952846	2022.0336968302727	2.832386671123427e-09
0.0006870964820308039	2060.997508585453	2.9174644806126762e-09
0.0006870931910607008	2099.82521879673	3.290970103093753e-09
0.0006870898921809187	2138.58269777894	3.298879782190345e-09
0.00068708730206425	2177.4848431944847	2.590116668669748e-09
0.0006870848444436538	2216.287863254547	2.4576205961794606e-09
0.0006870821645690088	2255.0921130776405	2.679874645003348e-09
0.0006870796340110244	2293.8834345936775	2.5305579844049284e-09
0.000687077244459502	2332.830400466919	2.389551522364447e-09
0.0006870745838724518	2371.7098666131496	2.660587050261516e-09
0.0006870721312662475	2410.6243136525154	2.4526062042829616e-09
0.0006870698240497388	2449.503134548664	2.3072165086660337e-09
0.0006870676726714295	2488.301539838314	2.151378309333228e-09
0.0006870654789138744	2527.1155519783497	2.1937575550622437e-09
0.0006870634344867804	2565.9256672263145	2.044427093979631e-09
0.0006870618930775413	2604.7782029509544	1.541409239179739e-09
0.0006870604509658299	2643.568987876177	1.4421117114056872e-09
0.0006870590972302497	2682.3282507658005	1.3537355801227988e-09
0.0006870574827649847	2720.9998790323734	1.6144652650353086e-09
0.000687055699600914	2759.752314656973	1.783164070719677e-09
0.0006870542218056823	2798.436794489622	1.4777952316719078e-09
0.0006870531703741521	2837.177305817604	1.0514315301659444e-09
0.0006870520310702233	2875.812302827835	1.1393039288680115e-09
0.0006870504521952781	2914.485441505909	1.5788749451730796e-09
0.0006870494837972322	2953.108235657215	9.683980458892807e-10
0.0006870486330585499	2991.723462998867	8.507386823003796e-10
0.0006870474792254471	3030.383068293333	1.1538331028473903e-09
0.0006870466940006903	3069.030813038349	7.852247567441406e-10
0.0006870456640206581	3107.7585080862045	1.0299800322528807e-09
0.0006870447153805937	3146.4971583783627	9.486400643970647e-10
0.0006870441192657721	3185.2707218825817	5.961148215674617e-10
0.0006870435464058117	3224.058296531439	5.728599604230833e-10
0.0006870427298501475	3262.8130263090134	8.165556642306115e-10
0.0006870423577998317	3301.5804039239883	3.720503157942853e-10
0.0006870418636711108	3340.315845668316	4.941287209047837e-10
0.0006870412096362156	3379.120955556631	6.540348951441718e-10
0.0006870406701540883	3417.8024133443832	5.39482127265116e-10
0.0006870404136289881	3456.523174852133	2.5652510020693353e-10
0.0006870398027044373	3495.2845988869667	6.109245508567271e-10
0.0006870392308886467	3534.120570451021	5.718157905726731e-10
0.0006870389660417686	3572.853657156229	2.648468781524943e-10
0.0006870386161072612	3611.5553888380527	3.4993450736924003e-10
0.0006870381305063685	3650.275072455406	4.856008927215869e-10
0.000687037693557362	3689.078663557768	4.369490064909387e-10
0.0006870378139843635	3727.84492751956	-1.2042700148727492e-10