0.002042390751849622	0.09290347993373871	0.002042390751849622
0.0020423822666245507	23.930891066789627	8.48522507118643e-09
0.002041897819935846	48.41146048903465	4.844466887045026e-07
0.0020417940945561246	73.04752711951733	1.0372537972156218e-07
0.0020415108638489467	97.1949165314436	2.8323070717798174e-07
0.0020412441960112253	121.01551277935505	2.6666783772139047e-07
0.002041146125262776	144.5903637856245	9.807074844922492e-08
0.002040965515954234	168.92546898126602	1.8060930854222126e-07
0.002040738681698263	192.99525487422943	2.268342559710347e-07
0.0020406419339590426	217.46909056603909	9.674773922014462e-08
0.0020405512705708247	241.45059552788734	9.066338821795555e-08
0.0020403899014980603	265.182064011693	1.61369072764362e-07
0.0020402994910244266	289.6766918003559	9.041047363371468e-08
0.0020402372991315003	313.505435064435	6.219189292635402e-08
0.002040106755681494	337.67677952349186	1.3054345000644563e-07
0.002039985857120724	362.15543250739574	1.2089856076978253e-07
0.002039910451637722	386.60187140107155	7.540548300219788e-08
0.002039802344868803	410.6497900933027	1.081067689187587e-07
0.0020396914919569064	434.78909197449684	1.1085291189670554e-07
0.0020396176710027383	458.55996139347553	7.382095416810092e-08
0.0020395177093137868	482.25198394060135	9.996168895149565e-08
0.002039411671375851	505.90545746684074	1.0603793793593011e-07
0.002039338140127548	529.8613976538181	7.353124830290075e-08
0.002039246488544808	553.5489164292812	9.165158273982676e-08
0.0020391594709009433	577.5368583798409	8.701764386484512e-08
0.002039101573436653	601.5534029006958	5.789746429030532e-08
0.0020390214527043734	625.2574626505375	8.012073227960104e-08
0.0020389458818438535	649.8660757243633	7.557086051986767e-08
0.002038884269623385	673.4414982050657	6.16122204683163e-08
0.002038803900040853	697.6160891652107	8.036958253207147e-08
0.002038737687150288	721.9682300239801	6.621289056494076e-08
0.002038669603148939	745.8962565809488	6.808400134904885e-08
0.002038597020038569	770.5805073231459	7.258311037015158e-08
0.002038539098973302	794.5268647223711	5.792106526694707e-08
0.0020384677017743122	818.1128056049347	7.139719898976993e-08
0.0020384085129515556	842.6714361608028	5.918882275664575e-08
0.002038345859349823	866.60445086658	6.265360173252424e-08
0.0020382858796071865	891.1494993269444	5.997974263658237e-08
0.002038230055945651	915.4264865666628	5.582366153535079e-08
0.0020381711493458175	939.5740165412426	5.890659983366284e-08
0.0020381217651404262	963.7058194875717	4.9384205391255626e-08
0.002038067936968829	987.4904538989067	5.382817159713116e-08
0.002038022608794308	1012.2794047147036	4.532817452114479e-08
0.002037971361995046	1036.1150319725275	5.124679926206063e-08
0.0020379278295895704	1060.3130899369717	4.353240547552706e-08
0.0020378810475865303	1084.5738136470318	4.67820030400877e-08
0.0020378419024025814	1108.8727468550205	3.914518394891944e-08
0.0020377995035481176	1132.8552066236734	4.2398854463790436e-08
0.002037757685018414	1156.5390334278345	4.1818529703755575e-08
0.00203772231940774	1180.855366885662	3.5365610673906284e-08
0.002037683674654939	1204.4780285060406	3.86447528010099e-08
0.0020376469084324106	1228.0326151102781	3.676622252826722e-08
0.002037613323382323	1252.4859090149403	3.3585050087780316e-08
0.002037583131444215	1276.2337681949139	3.0191938108024147e-08
0.0020375496583995814	1300.3598765283823	3.3473044633389876e-08
0.0020375185137248716	1324.6152348816395	3.1144674709875086e-08
0.002037496284442972	1348.4927279055119	2.2229281899585618e-08
0.0020374683358685467	1372.6071795970201	2.79485744252711e-08
0.0020374395101089592	1396.0863852202892	2.882575958745165e-08
0.002037418106586458	1419.5859302431345	2.1403522501226013e-08
0.0020373995987645523	1443.741575986147	1.850782190568681e-08
0.002037375060816434	1467.7141947299242	2.453794811828683e-08
0.002037353499346801	1491.7250307053328	2.1561469633162023e-08
0.002037335240367805	1515.6576883643866	1.8258978995867176e-08
0.002037319090624754	1539.4716503322124	1.614974305111025e-08
0.0020373010331860594	1563.4613031595945	1.8057438694492334e-08
0.002037285212502288	1587.0632929056883	1.5820683771285843e-08
0.0020372742313400334	1611.1051070392132	1.0981162254682098e-08
0.0020372619123493895	1634.905261337757	1.2318990643984257e-08
0.0020372440314320598	1658.727868527174	1.788091732969274e-08
0.0020372253149428506	1683.1155197322369	1.8716489209175124e-08
0.002037215121161952	1707.4345042556524	1.019378089838624e-08
0.0020372029213222994	1731.9357441961765	1.2199839652827366e-08
0.0020371847479358322	1755.8487697392702	1.817338646714281e-08
0.0020371714832680466	1779.7531680315733	1.3264667785613943e-08
0.0020371637975267554	1803.9686504006386	7.68574129122665e-09
0.0020371481877086233	1827.9890676438808	1.5609818132100023e-08
0.0020371320731542245	1852.551427334547	1.6114554398771047e-08
0.0020371210330684237	1876.2043670117855	1.104008580084595e-08
0.0020371104472612935	1899.9349527806044	1.058580713017565e-08
0.0020370955191067485	1924.3958562016487	1.4928154544978367e-08
0.0020370800775243096	1948.834985345602	1.5441582438928403e-08
0.0020370698589949696	1972.682400599122	1.0218529339963561e-08
0.0020370570445082063	1997.3334924727678	1.2814486763379485e-08
0.0020370425309233896	2021.7562067210674	1.4513584816605585e-08
0.00203703153326642	2045.7600040733814	1.0997656969564257e-08
0.0020370173746335793	2069.5423778146505	1.4158632840807761e-08
0.0020370052469552776	2094.127610489726	1.2127678301714073e-08
0.002036995299685132	2118.339327007532	9.947270145603537e-09
0.002036983723020356	2142.8075891286135	1.1576664776108414e-08
0.002036968923573261	2167.042871698737	1.4799447094898666e-08
0.0020369569206840476	2190.739667698741	1.2002889213363205e-08
0.002036949352566861	2215.7068209797144	7.56811718675976e-09
0.0020369396842369572	2240.2296218276024	9.668329903605305e-09
0.0020369279023166606	2264.2749114483595	1.1781920296587839e-08
0.0020369175290773363	2288.7431265860796	1.037323932437037e-08
0.0020369079991245822	2312.550829514861	9.529952754022686e-09
0.0020368986500169882	2336.5152935236692	9.349107593994987e-09
0.002036893975669508	2360.003028705716	4.674347480262964e-09
0.0020368859146329735	2384.4106388688087	8.061036534459665e-09
0.0020368744516898445	2408.47841912508	1.1462943128991848e-08
0.0020368646479487136	2432.119823426008	9.803741130975235e-09
0.002036860211491305	2456.6364147514105	4.436457408472233e-09
0.0020368540619303383	2480.3487567305565	6.149560966787343e-09
0.0020368445063715978	2504.923277154565	9.555558740537845e-09
0.00203683740398928	2528.639644831419	7.10238231768634e-09
0.0020368277750742003	2552.3009224087	9.628915079770012e-09
0.0020368223568913006	2576.5927522331476	5.418182899737112e-09
0.002036819753558845	2600.338635981083	2.6033324554246284e-09
0.0020368122518477586	2624.9653272479773	7.501711086523033e-09
0.002036802639812825	2648.6727239489555	9.61203493361762e-09
0.002036796211601017	2672.5454682558775	6.428211807903844e-09
0.002036794405029205	2696.7282877117395	1.8065718122850516e-09
0.0020367867664467217	2720.532872006297	7.638582483118078e-09
0.0020367799508753106	2744.8401727974415	6.8155714110645915e-09
0.002036776841967563	2768.6211788505316	3.108907747559342e-09
0.0020367699254476407	2792.5876085460186	6.916519922333525e-09
0.0020367640272034183	2816.6064029634	5.8982442224624065e-09
0.002036760891133625	2840.1957238316536	3.1360697931755166e-09
0.0020367568497020824	2864.748598769307	4.041431542721463e-09
0.002036747424351871	2888.5330737680197	9.425350211249295e-09
0.0020367413376723687	2912.540526896715	6.0866795024289155e-09
0.0020367393978927523	2936.5390802025795	1.9397796164472014e-09
0.0020367347288297723	2960.9004990309477	4.669062979995031e-09
0.0020367274486228193	2984.711064219475	7.280206952911539e-09
0.0020367206299052427	3008.6243867725134	6.8187175766842856e-09
0.00203671616453211	3032.784004151821	4.465373132454126e-09
0.0020367103951393225	3056.869214564562	5.769392787732114e-09
0.0020367066395211952	3080.4130044430494	3.755618127251892e-09
0.002036701474126402	3104.2897835075855	5.165394793317513e-09
0.0020366930371872875	3128.120529472828	8.436939114356279e-09
0.0020366860118098285	3151.8290528804064	7.0253774590335605e-09
0.0020366836863018535	3175.762817800045	2.3255079749893992e-09
0.002036680181196179	3199.7867078483105	3.505105674456166e-09
0.002036672280229058	3224.1261098235846	7.900967121006464e-09
0.002036666381250369	3248.190973997116	5.898978689203305e-09
0.0020366593049093973	3272.2681086212397	7.0763409715235426e-09
0.0020366559952191693	3296.3594979792833	3.3096902280448093e-09
0.0020366546420553014	3320.188509210944	1.3531638678489222e-09
0.0020366462632540115	3344.3581863045692	8.378801289940507e-09
0.0020366385531994397	3368.2793857753277	7.710054571782171e-09
0.0020366344535895863	3392.2721941769123	4.0996098534147596e-09
0.002036631736913043	3416.6001726984978	2.716676543446095e-09
0.002036625602547013	3440.525696620345	6.134366029898752e-09
0.0020366178179251774	3465.224593579769	7.784621835604105e-09
0.002036614361219425	3489.006450071931	3.4567057523651745e-09
0.0020366071995953057	3512.6759100705385	7.161624119254861e-09
0.00203660438087345	3537.2684410363436	2.818721855750439e-09
0.0020366037145928668	3561.5796954631805	6.662805832231833e-10
0.0020365933756313847	3585.8774156570435	1.0338961482087017e-08
0.002036587056185886	3609.88939216733	6.319445498576687e-09
0.0020365852837877104	3634.5005052387714	1.7723981757082619e-09
0.0020365826054935805	3658.611378967762	2.6782941298791885e-09
0.002036576085049465	3682.6958582103252	6.520444115632601e-09
0.0020365671364261325	3706.801166445017	8.94862333235616e-09
0.0020365653783017065	3730.446490108967	1.758124425991353e-09
0.0020365589523932554	3754.0711477696896	6.42590845117974e-09
0.002036555121296481	3778.1547262072563	3.831096774455783e-09
0.002036551223697249	3801.9704562574625	3.8975992320763875e-09
0.0020365465153882813	3826.3608332276344	4.708308967531216e-09
0.0020365368557921327	3850.5576213151217	9.65959614856668e-09
0.0020365333219257947	3874.0193322449923	3.533866338011754e-09
0.0020365312647386323	3898.000753760338	2.0571871623721594e-09
0.0020365273662373163	3921.9281542152166	3.898501316039471e-09
0.0020365188297044416	3946.082756757736	8.536532874678371e-09
0.0020365130870137913	3969.717312261462	5.7426906502691666e-09
0.002036509889723996	3994.05401006341	3.1972897953334856e-09
0.002036505058723268	4018.4708061367273	4.831000727928414e-09
0.002036500519388049	4042.5051240175962	4.539335218909507e-09
0.002036495334028094	4066.6713645756245	5.185359955219709e-09
0.0020364894604901805	4090.3570945709944	5.873537913415189e-09
0.002036482992781847	4114.162892743945	6.467708333745409e-09
0.002036479502269182	4138.706777706742	3.490512664929696e-09
0.0020364779566749767	4162.484268963337	1.545594205138584e-09
0.002036471214019084	4186.7785720825195	6.742655892823246e-09
0.0020364630261950826	4210.5268554240465	8.187824001269772e-09
0.002036459294468182	4234.285700425506	3.731726900581267e-09
0.0020364554398220984	4258.533809095621	3.854646083659846e-09
0.0020364530672044526	4282.295541137457	2.372617645754471e-09
0.0020364446776387594	4306.41274254024	8.389565693198153e-09
0.002036437720826549	4330.077656388283	6.95681221050265e-09
0.002036436050895766	4353.84310336411	1.6699307830644883e-09
0.0020364323779153413	4378.072558313608	3.672980424581501e-09
0.0020364259283200963	4402.196117937565	6.44959524502553e-09
0.0020364186170869184	4426.784014776349	7.311233177903498e-09
0.002036415400042601	4451.049953043461	3.21704431757025e-09
0.002036410987202629	4475.328122213483	4.412839971906779e-09
0.0020364063477402473	4499.991244152188	4.6394623815469715e-09
0.0020364044446789954	4524.354202836752	1.903061251987137e-09
0.0020363963042170645	4548.437161818147	8.140461930841031e-09
0.00203639026839143	4572.685375750065	6.035825634437275e-09
0.002036390523310874	4597.572893247008	-2.549194440606972e-10